2501
2532
2533
2536
2544
2561
2565
2575
2588
2589
2605
2609
2629
2632
2645
2660
2665
2672
2710
2724
2730
2735
2807
2840
2851
2853
2857
2876
2907
2922
2932
2934
2935
2950
2953
3030
3045
3048
3058
3059
3065
3071
3097
3179
3197
3211
3226
3242
3255
3258
3272
3280
3319
3381
3386
3390
3409
3410
3416
3422
3428
3476
3486
3490
3500
3503
3509
3511
3524
3535
3541
3582
3590
3601
3610
3614
3630
3651
3668
3673
3691
3696
3698
3702
3715
3717
3725
3733
3852
3887
3908
3929
3978
3992
4031
4081
4109
4149
4189
4193
4244
4261
4451
4603
4604
4609
4664
4680
4696
4724
4816
4831
4862
4907
4926
4961
4975
4976
5029
5039
5061
5108
5137
5140
5145
5224
5240
5241
5296
5403
5452
5470
5472
5496
5537
5550
5561
5590
5628
5638
5698
5726
5770
5822
5861
5905
5926
5975
5986
6011
6021
6075
6087
6179
6189
6198
6226
6306
6308
6322
6327
6335
6347
6371
6380
6407
6418
6475
6502
6507
6515
6535
6547
6555
6573
6587
6590
6640
6676
6682
6692
6701
6734
6745
6784
6857
6874
6878
6893
6895
6975
6987
7023
7042
7094
7146
7152
7157
7172
7197
7221
7244
7254
7269
7304
7319
7323
7331
7377
7382
7385
7414
7417
7439
7442
7470
7520
7521
7527
7554
7561
7564
7567
7610
7714
7816
7826
7831
7838
7841
7859
7876
7933
7963
7996
8042
8084
8127
8137
8161
8231
8232
8238
8241
8246
8285
8287
8301
8318
8327
8342
8407
8438
8493
8552
8583
8585
8592
8602
8603
8618
8620
8639
8645
8647
8654
8656
8657
8661
8668
8679
8687
8693
8697
8698
8702
8703
8718
8741
8743
8801
8809
8819
8829
8838
8842
8844
8851
8859
8876
8882
8885
8895
8931
8955
8981
8987
8989
8999
9068
9076
9089
9090
9117
9118
9137
9145
9155
9163
9172
9186
9187
9205
9206
9228
9237
9238
9241
9250
9267
9302
9351
9376
9397
9403
9405
9406
9414
9417
9423
9443
9446
9458
9470
9478
9479
9497
9500
9503
9509
9516
9522
9541
9543
9553
9579
9587
9588
9592
9601
9604
9606
9632
9654
9655
9681
9686
9703
9704
9722
9724
9733
9747
9760
9768
9793
9795
9803
9830
9842
9858
9905
9907
9911
9919
9929
9935
9961
9964
9967
9984
9992
10025
10044
10055
10063
10075
10084
10087
10109
10119
10121
10133
10134
10136
10138
10165
10175
10210
10211
10262
10264
10292
10405
10410
10421
10426
10438
10454
10465
10478
10487
10488
10538
10564
10579
10585
10597
10600
10626
10644
10694
10790
10810
10822
10825
10843
10894
10901
10904
10909
10912
11001
11022
11037
11046
11057
11097
11131
11162
11248
11263
11265
11277
11311
11313
11351
11373
11388
11425
11447
11485
11531
11549
11571
11573
11598
11620
11646
11649
11662
11694
11712
11738
11761
11764
11769
11775
11791
11818
11830
11848
11852
11897
11906
11913
11920
11952
11987
11992
12021
12067
12077
12085
12105
12141
12151
12161
12194
12199
12204
12231
12232
12264
12277
12281
12311
12314
12341
12349
12350
12359
12432
12448
12456
12461
12492
12504
12513
12556
12582
12584
12609
12611
12612
12630
12652
12659
12683
12685
12728
12757
12761
12773
12785
12787
12804
12845
12878
12919
12934
12945
12962
13028
13031
13033
13045
13083
13102
13149
13152
13168
13207
13210
13240
13261
13299
13306
13320
13342
13442
13482
13491
13526
13561
13564
13568
13595
13607
13638
13652
13684
13685
13697
13716
13757
13780
13818
13819
13881
13882
13890
13896
13931
13992
13996
14009
14037
14092
14178
14185
14260
14279
14302
14303
14331
14369
14373
14384
14391
14403
14424
14448
14451
14456
14564
14569
14608
14663
14666
14730
14732
14785
14790
14810
14815
14861
14895
14897
14933
14937
14973
14991
14998
15035
15044
15056
15062
15082
15165
15253
15304
15441
15458
15487
15489
15509
15518
15572
15596
15601
15617
15620
15670
15711
15748
15756
15817
15826
15838
15863
15906
15930
15971
16003
16037
16058
16072
16083
16123
16286
16310
16320
16349
16366
16393
16394
16411
16447
16448
16457
16480
16481
16521
16522
16629
16631
16643
16670
16686
16728
16751
16786
16789
16806
16825
16849
16864
16866
16884
17008
17067
17071
17094
17096
17105
17110
17179
17188
17261
17264
17270
17291
17475
17476
17491
17503
17527
17551
17564
17575
17584
17592
17613
17637
17643
17654
17689
17709
17734
17776
17804
17821
17822
17830
17846
17900
17918
18011
18038
18093
18100
18157
18160
18196
18207
18242
18274
18335
18346
18350
18360
18372
18397
18414
18439
18452
18501
18531
18535
18581
18597
18615
18635
18637
18638
18660
18718
18760
18778
18814
18829
18841
18846
18853
18970
19040
19140
19141
19149
19163
19177
19183
19186
19188
19191
19239
19257
19310
19328
19335
19382
19401
19494
19525
19530
19576
19594
19602
19611
19621
19647
19656
19671
19709
19710
19749
19775
19788
19825
19830
19834
19836
19875
19884
19895
19931
20008
20017
20023
20101
20134
20195
20238
20247
20280
20296
20331
20382
20389
20416
20424
20453
20462
20468
20482
20492
20545
20609
20610
20618
20656
20704
20731
20738
20755
20767
20822
20827
20887
20888
20911
20917
20920
20935
20936
21005
21025
21072
21114
21119
21122
21136
21140
21145
21153
21154
21156
21196
21233
21246
21247
21258
21263
21266
21276
21297
21304
21309
21315
21347
21351
21376
21382
21383
21444
21446
21467
21484
21548
21563
21596
21603
21612
21623
21630
21634
21642
21663
21670
21689
21719
21720
21735
21736
21753
21773
21786
21787
21806
21822
21834
21840
21888
21907
21921
21926
21938
21953
21955
21957
21962
21995
21999
22020
22023
22043
22061
22219
22246
22256
22262
22278
22377
22396
22401
22428
22473
22496
22511
22516
22517
22533
22559
22568
22574
22612
22616
22651
22660
22680
22682
22691
22703
22704
22754
22768
22809
22825
22883
