2503
2511
2515
2517
2519
2539
2540
2548
2567
2573
2574
2592
2604
2611
2613
2620
2624
2625
2628
2640
2652
2656
2658
2659
2663
2669
2687
2688
2703
2706
2707
2709
2713
2716
2727
2728
2729
2737
2741
2753
2754
2755
2758
2763
2766
2786
2787
2799
2800
2802
2803
2806
2817
2819
2820
2824
2833
2834
2837
2878
2880
2882
2892
2895
2901
2905
2911
2920
2941
2944
2951
2964
2971
2972
2986
3001
3013
3014
3020
3035
3056
3064
3070
3076
3077
3083
3085
3099
3102
3104
3106
3107
3115
3130
3132
3136
3143
3159
3160
3161
3164
3168
3170
3175
3181
3210
3212
3214
3218
3219
3221
3222
3227
3239
3243
3248
3249
3266
3274
3286
3291
3294
3307
3309
3314
3327
3339
3361
3377
3387
3398
3412
3415
3421
3432
3442
3461
3464
3475
3479
3481
3484
3485
3498
3499
3501
3516
3527
3533
3544
3546
3552
3561
3562
3567
3569
3575
3588
3592
3617
3619
3637
3638
3643
3649
3650
3655
3660
3672
3676
3690
3704
3706
3707
3709
3714
3718
3727
3731
3738
3744
3748
3762
3767
3773
3778
3779
3781
3789
3794
3798
3801
3816
3818
3821
3826
3835
3847
3848
3854
3856
3864
3867
3880
3883
3890
3895
3904
3911
3912
3914
3916
3930
3935
3943
3956
3960
3964
3965
3970
3973
3979
3983
3991
4003
4007
4009
4011
4012
4014
4023
4027
4030
4032
4036
4037
4040
4052
4053
4058
4061
4062
4064
4077
4079
4092
4095
4105
4122
4137
4144
4153
4155
4160
4162
4167
4174
4175
4182
4186
4196
4198
4210
4211
4214
4216
4219
4228
4242
4247
4264
4266
4269
4282
4302
4322
4327
4336
4341
4342
4366
4371
4374
4378
4384
4395
4404
4407
4418
4422
4442
4443
4444
4445
4448
4449
4454
4457
4458
4462
4471
4494
4496
4499
4504
4517
4535
4538
4541
4555
4559
4564
4571
4626
4634
4645
4646
4650
4654
4656
4660
4661
4665
4669
4671
4672
4681
4682
4684
4687
4690
4691
4695
4699
4702
4714
4722
4731
4732
4748
4757
4761
4762
4765
4766
4770
4775
4786
4788
4793
4800
4802
4805
4824
4833
4841
4842
4847
4883
4884
4885
4886
4887
4917
4925
4927
4928
4930
4933
4936
4944
4948
4949
4952
4968
4995
4996
4998
5000
5003
5008
5016
5018
5025
5044
5055
5058
5059
5060
5068
5071
5073
5074
5082
5084
5085
5086
5088
5091
5092
5095
5101
5103
5107
5111
5116
5117
5124
5126
5128
5132
5133
5135
5143
5149
5156
5162
5172
5173
5176
5189
5190
5202
5203
5204
5206
5209
5216
5217
5225
5226
5228
5234
5235
5236
5245
5255
5256
5261
5272
5273
5277
5279
5283
5299
5302
5304
5308
5311
5316
5317
5334
5336
5340
5351
5354
5360
5365
5370
5372
5404
5410
5418
5425
5426
5429
5430
5431
5433
5434
5451
5460
5462
5463
5465
5468
5471
5477
5478
5488
5490
5492
5493
5502
5510
5515
5516
5523
5525
5528
5529
5533
5535
5536
5542
5543
5545
5546
5566
5568
5573
5578
5580
5584
5585
5593
5598
5610
5615
5618
5619
5622
5625
5629
5630
5644
5645
5652
5670
5674
5676
5679
5695
5697
5699
5701
5704
5706
5707
5713
5729
5731
5737
5739
5743
5744
5749
5754
5763
5771
5773
5776
5791
5793
5805
5806
5810
5816
5824
5836
5837
5849
5855
5859
5862
5866
5873
5880
5881
5892
5904
5924
5928
5949
5951
5952
5955
5956
5960
5974
5976
5984
5999
6001
6002
6017
6020
6024
6028
6029
6030
6034
6061
6064
6073
6084
6098
6114
6123
6125
6130
6143
6144
6145
6161
6174
6176
6178
6184
6185
6201
6215
6223
6227
6228
6234
6239
6241
6251
6252
6255
6271
6273
6280
6293
6304
6311
6325
6326
6330
6342
6343
6349
6358
6362
6370
6375
6377
6384
6389
6390
6392
6398
6399
6406
6411
6416
6426
6434
6440
6441
6447
6448
6450
6462
6463
6466
6469
6482
6487
6500
6504
6516
6528
6539
6541
6542
6543
6551
6564
6568
6574
6576
6577
6578
6584
6601
6612
6613
6634
6636
6643
6645
6652
6657
6658
6659
6663
6664
6670
6671
6673
6674
6677
6681
6686
6688
6702
6706
6710
6714
6717
6720
6723
6727
6729
6731
6744
6752
6753
6758
6771
6778
6779
6781
6785
6787
6810
6813
6816
6819
6828
6831
6836
6838
6839
6846
6856
6862
6864
6887
6890
6900
6912
6913
6920
6923
6925
6939
6946
6955
6956
6962
6974
6990
6998
7004
7016
7017
7025
7028
7036
7050
7052
7053
7055
7059
7061
7065
7068
7071
7077
7082
7085
7087
7096
7101
7102
7115
7123
7142
7144
7155
7177
7180
7184
7186
7189
7190
7192
7210
7222
7240
7246
7249
7253
7260
7262
7268
7272
7278
7282
7290
7298
7302
7303
7308
7310
7316
7328
7329
7339
7347
7348
7352
7356
7362
7363
7374
7381
7390
7391
7396
7400
7402
7412
7422
7433
7434
7455
7456
7457
7459
7462
7468
7474
7478
7484
7486
7494
7498
7504
7513
7523
7524
7525
7526
7532
7534
7538
7539
7544
7553
7555
7571
7573
7574
7581
7584
7587
7592
7593
7604
7608
7609
7612
7616
7618
7621
7625
7628
7631
7633
7636
7639
7646
7656
7660
7663
7667
7673
7675
7679
7682
7683
7684
7688
7696
7697
7704
7706
7709
7711
7715
7730
7734
7736
7741
7745
7751
7752
7755
7760
7763
7772
7779
7780
7781
7782
7783
7791
7793
7795
7798
7801
7802
7805
7814
7822
7834
7839
7840
7852
7861
7862
7866
7868
7870
7874
7875
7887
7890
7891
7896
7897
7905
7906
7908
7918
7919
7923
7924
7926
7937
7938
7944
7945
7946
7954
7955
7956
7962
7967
7968
7975
7978
7980
7982
7983
7984
7985
7992
7997
8001
8008
8011
8014
8020
8024
8025
8026
8027
8032
8036
8038
8049
8053
8055
8057
8059
8069
8071
8074
8075
8078
8079
8087
8091
8093
8096
8100
8106
8109
8113
8115
8124
8125
8132
8133
8136
8143
8147
8151
8155
8156
8157
8160
8167
8173
8181
8182
8183
8184
8186
8188
8191
8197
8198
8201
8207
8210
8222
8229
8235
8242
8243
8247
8257
8264
8266
8276
8280
8284
8288
8291
8294
8298
8303
8308
8310
8312
8313
8319
8320
8338
8341
8349
8359
8360
8362
8365
8367
8378
8382
8386
8388
8392
8395
8399
8403
8404
8405
8411
8417
8419
8420
8430
8433
8436
8437
8439
8446
8447
8448
8450
8451
8455
8458
8461
8464
8467
8468
8469
8472
8474
8477
8478
8479
8483
8492
8496
8499
8506
8509
8510
8511
8512
8516
8521
8523
8524
8526
8533
8534
8541
8542
8547
8553
8554
8556
8561
8569
8588
8625
8629
8667
8677
8681
8695
8708
8711
8712
8725
8737
8753
8776
8777
8780
8788
8790
8796
8805
8814
8825
8830
8836
8845
8847
8860
8867
8879
8881
8886
8920
8927
8942
8943
8944
8948
8959
8968
8969
8977
8982
8992
8998
9015
9021
9043
9045
9049
9051
9053
9061
9063
9075
9107
9112
9119
9123
9129
9138
9141
9146
9154
9157
9161
9166
9168
9188
9192
9194
9201
9212
9213
9214
9221
9222
9230
9236
9247
9251
9252
9258
9261
9270
9272
9277
9291
9292
9304
9310
9317
9318
9324
9328
9333
9336
9338
9340
9353
9356
9358
9378
9379
9386
9388
9389
9392
9400
9407
9420
9426
9436
9442
9448
9454
9468
9488
9492
9496
9508
9512
9520
9525
9539
9549
9558
9564
9570
9571
9580
9584
9585
9591
9597
9598
9609
9646
9663
9676
9684
9711
9726
9740
9749
9764
9770
9780
9789
9805
9806
9807
9816
9829
9837
9838
9839
9843
9850
9853
9870
9876
9879
9880
9896
9914
9922
9927
9951
9952
9958
9962
9965
9970
9974
9986
9987
9991
9995
10001
10004
10011
10021
10022
10027
10039
10047
10051
10064
10066
10069
10072
10077
10079
10080
10091
10092
10103
10117
10125
10152
10170
10177
10179
10189
10200
10204
10217
10225
10226
10229
10233
10252
10253
10258
10270
10271
10272
10276
10280
10283
10298
10299
10303
10315
10318
10321
10324
10328
10333
10336
10337
10340
10342
10344
10347
10348
10351
10352
10354
10356
10358
10365
10367
10373
10383
10385
10400
10406
10415
10428
10429
10434
10436
10439
10442
10456
10459
10471
10481
10494
10496
10501
10515
10526
10528
10534
10535
10537
10554
10563
10573
10575
10576
10590
10605
10614
10615
10625
10627
10628
10631
10632
10633
10636
10656
10660
10679
10682
10685
10701
10706
10709
10719
10724
10734
10735
10744
10747
10748
10749
10757
10759
10781
10784
10785
10789
10796
10800
10802
10811
10813
10816
10818
10831
10835
10842
10845
10850
10856
10859
10865
10869
10871
10874
10875
10891
10913
10920
10924
10932
10938
10939
10943
10951
10954
10960
10973
10975
10977
10997
11000
11002
11003
11008
11010
11016
11027
11039
11041
11042
11047
11063
11065
11066
11067
11071
11073
11084
11095
11098
11120
11122
11124
11125
11127
11128
11130
11158
11161
11165
11166
11173
11178
11179
11181
11182
11186
11190
11193
11197
11198
11199
11200
11204
11210
11215
11225
11235
11240
11259
11260
11262
11269
11288
11300
11303
11323
11325
11326
11328
11335
11338
11339
11361
11363
11367
11369
11374
11386
11402
11403
11406
11416
11420
11437
11440
11442
11445
11452
11455
11459
11477
11481
11482
11491
11493
11499
11500
11506
11511
11513
11517
11518
11519
11523
11526
11533
11535
11537
11542
11560
11561
11562
11567
11578
11596
11602
11606
11607
11608
11616
11621
11625
11627
11628
11634
11641
11645
11659
11663
11667
11669
11672
11683
11684
11688
11690
11693
11697
11698
11703
11704
11705
11706
11710
11715
11719
11721
11723
11725
11728
11730
11732
11741
11745
11757
11778
11787
11790
11792
11795
11798
11805
11809
11814
11815
11816
11819
11823
11826
11828
11837
11838
11839
11840
11846
11850
11853
11856
11863
11867
11868
11872
11876
11892
11893
11898
11902
11911
11912
11918
11925
11926
11934
11950
11954
11964
11968
11975
11978
11979
12014
12028
12035
12044
12045
12051
12062
12068
12075
12080
12094
12099
12100
12119
12124
12129
12134
12150
12156
12162
12176
12181
12183
12186
12193
12196
12200
12210
12216
12234
12248
12249
12263
12270
12271
12289
12292
12301
12303
12304
12318
12320
12321
12328
12339
12355
12360
12362
12378
12385
12390
12391
12399
12405
12407
12412
12414
12421
12424
12436
12443
12453
12462
12467
12469
12472
12474
12499
12502
12508
12530
12532
12542
12562
12565
12571
12579
12586
12589
12596
12597
12598
12602
12605
12616
12619
12641
12648
12649
12654
12660
12667
12670
12673
12677
12679
12692
12694
12696
12700
12704
12707
12711
12716
12721
12724
12730
12731
12733
12739
12744
12770
12771
12774
12776
12784
12797
12802
12808
12811
12813
12815
12818
12825
12831
12836
12839
12844
12848
12858
12860
12866
12870
12875
12876
12879
12882
12883
12884
12885
12897
12899
12902
12911
12914
12921
12924
12926
12927
12936
12942
12951
12952
12954
12958
12963
12966
12974
12979
12984
12985
13003
13006
13007
13010
13011
13013
13014
13020
13037
13049
13054
13055
13056
13060
13067
13069
13072
13096
13097
13101
13114
13117
13124
13129
13130
13132
13137
13138
13144
13145
13147
13150
13164
13172
13173
13180
13184
13188
13200
13211
13216
13217
13225
13231
13233
13241
13248
13250
13255
13260
13262
13268
13280
13282
13287
13294
13296
13298
13300
13301
13304
13317
13319
13322
13323
13331
13349
13351
13355
13356
13357
13360
13363
13366
13368
13374
13377
13383
13385
13388
13390
13396
13403
13404
13410
13412
13418
13424
13434
13441
13444
13448
13450
13453
13455
13462
13468
13470
13481
13495
13511
13512
13537
13543
13562
13563
13565
13567
13572
13583
13586
13589
13591
13598
13600
13630
13640
13646
13654
13657
13665
13666
13667
13680
13681
13687
13707
13717
13724
13731
13732
13733
13738
13739
13743
13744
13747
13748
13762
13763
13778
13779
13781
13790
13794
13798
13799
13804
13805
13806
13807
13821
13823
13828
13829
13835
13841
13850
13851
13853
13856
13860
13864
13866
13880
13883
13884
13885
13899
13912
13915
13916
13918
13919
13920
13926
13929
13932
13935
13941
13942
13950
13955
13958
13967
13969
13971
13972
13983
13991
13997
14004
14006
14019
14021
14027
14029
14030
14043
14061
14071
14074
14078
14079
14090
14094
14103
14109
14124
14131
14144
14155
14170
14171
14172
14175
14179
14193
14198
14200
14201
14203
14204
14205
14208
14211
14214
14216
14233
14242
14248
14255
14256
14262
14264
14268
14272
14274
14277
14286
14292
14297
14299
14300
14318
14322
14333
14337
14339
14340
14344
14349
14360
14363
14381
14385
14386
14387
14390
14397
14401
14407
14409
14410
14412
14417
14419
14421
14422
14423
14427
14430
14431
14435
14439
14441
14446
14462
14465
14467
14471
14474
14475
14479
14485
14500
14501
14503
14507
14508
14518
14525
14537
14538
14552
14558
14563
14566
14577
14605
14620
14625
14628
14634
14635
14637
14645
14647
14654
14655
14660
14667
14669
14682
14691
14699
14703
14707
14713
14718
14721
14722
14726
14733
14749
14757
14766
14778
14792
14798
14801
14804
14806
14811
14822
14833
14835
14837
14854
14855
14858
14862
14865
14869
14871
14875
14882
14888
14892
14898
14905
14906
14907
14908
14909
14910
14911
14913
14916
14925
14932
14934
14938
14942
14960
14967
14974
14997
15000
15004
15006
15008
15010
15016
15019
15023
15032
15041
15050
15053
15055
15057
15059
15065
15067
15076
15077
15083
15101
15102
15109
15117
15134
15138
15142
15175
15178
15183
15188
15195
15197
15198
15201
15204
15208
15212
15219
15220
15230
15236
15237
15248
15257
15260
15271
15272
15273
15276
15283
15299
15303
15306
15317
15319
15320
15327
15328
15330
15339
15340
15348
15357
15361
15368
15374
15384
15386
15388
15397
15424
15430
15439
15443
15448
15451
15455
15466
15471
15472
15473
15474
15478
15486
15502
15504
15505
15508
15517
15519
15523
15525
15527
15536
15540
15544
15552
15554
15559
15565
15566
15569
15571
15575
15577
15584
15593
15606
15614
15622
15626
15636
15644
15649
15651
15654
15662
15665
15666
15674
15677
15678
15684
15685
15698
15702
15706
15707
15720
15721
15740
15750
15752
15759
15761
15763
15765
15775
15784
15793
15801
15802
15803
15819
15824
15832
15843
15853
15856
15861
15864
15869
15870
15880
15882
15883
15885
15890
15908
15923
15928
15935
15936
15945
15948
15949
15950
15952
15953
15958
15959
15969
15977
15981
15992
16000
16006
16011
16012
16013
16018
16028
16033
16036
16043
16046
16052
16057
16059
16070
16076
16078
16086
16090
16091
16100
16102
16111
16115
16125
16131
16151
16153
16155
16162
16175
16177
16179
16180
16183
16184
16187
16188
16189
16191
16194
16200
16202
16216
16219
16222
16223
16227
16228
16231
16248
16251
16254
16259
16277
16279
16283
16284
16287
16293
16295
16306
16308
16309
16314
16321
16324
16332
16334
16337
16340
16347
16355
16361
16363
16364
16368
16369
16380
16382
16387
16388
16391
16396
16397
16400
16412
16419
16421
16424
16431
16433
16437
16440
16453
16466
16468
16474
16478
16485
16490
16492
16495
16517
16538
16544
16553
16559
16561
16566
16572
16580
16581
16591
16593
16599
16601
16609
16612
16613
16614
16615
16620
16633
16635
16636
16648
16649
16652
16665
16673
16677
16688
16689
16692
16701
16702
16706
16709
16713
16715
16719
16724
16731
16750
16768
16776
16777
16780
16783
16785
16788
16798
16804
16819
16820
16824
16830
16835
16836
16838
16844
16845
16846
16854
16855
16856
16858
16862
16873
16879
16881
16882
16883
16887
16888
16893
16900
16915
16916
16921
16923
16926
16932
16937
16938
16957
16963
16965
16968
16971
16980
16982
16983
16984
16990
16992
16994
16995
17006
17014
17027
17028
17029
17031
17036
17040
17049
17057
17070
17082
17088
17091
17100
17108
17113
17114
17121
17123
17124
17127
17131
17144
17145
17150
17151
17168
17169
17171
17175
17176
17178
17182
17185
17187
17192
17193
17196
17198
17200
17206
17207
17209
17211
17218
17219
17222
17228
17230
17231
17233
17238
17242
17245
17248
17249
17257
17263
17271
17275
17279
17297
17301
17303
17314
17317
17323
17337
17345
17346
17347
17349
17352
17353
17359
17361
17364
17366
17370
17373
17374
17382
17384
17394
17414
17416
17417
17419
17427
17430
17431
17439
17445
17451
17452
17461
17464
17467
17468
17471
17477
17480
17481
17483
17487
17492
17493
17498
17506
17507
17509
17510
17512
17515
17518
17531
17532
17536
17538
17549
17552
17554
17557
17560
17580
17587
17595
17600
17608
17610
17620
17624
17625
17634
17635
17640
17641
17647
17648
17650
17653
17655
17660
17661
17667
17679
17681
17690
17695
17702
17714
17727
17730
17747
17751
17760
17765
17769
17782
17785
17787
17794
17805
17814
17818
17824
17826
17832
17834
17840
17850
17851
17852
17854
17876
17878
17886
17894
17901
17905
17906
17910
17911
17915
17919
17923
17925
17929
17937
17940
17944
17948
17951
17962
17966
17970
17972
17978
17991
17994
18015
18017
18019
18020
18022
18025
18028
18032
18035
18036
18042
18046
18050
18052
18055
18063
18071
18076
18081
18085
18088
18089
18096
18099
18105
18117
18123
18125
18130
18134
18148
18153
18165
18169
18172
18189
18193
18201
18206
18209
18211
18213
18214
18218
18221
18226
18230
18232
18236
18238
18240
18244
18246
18260
18265
18270
18271
18273
18287
18292
18294
18295
18300
18303
18306
18310
18312
18317
18319
18322
18329
18332
18333
18334
18340
18342
18352
18358
18359
18361
18374
18383
18387
18395
18398
18405
18406
18418
18427
18428
18429
18444
18449
18455
18459
18465
18466
18472
18473
18474
18477
18478
18484
18487
18496
18503
18507
18513
18514
18536
18537
18552
18556
18559
18561
18564
18569
18572
18577
18585
18593
18594
18595
18601
18605
18607
18610
18619
18621
18623
18625
18629
18630
18634
18651
18654
18669
18675
18682
18686
18687
18700
18701
18702
18707
18715
18720
18728
18729
18732
18734
18742
18749
18750
18752
18754
18758
18771
18772
18781
18785
18786
18792
18798
18804
18810
18824
18825
18827
18855
18856
18858
18859
18860
18864
18870
18873
18881
18884
18891
18892
18894
18895
18904
18909
18910
18912
18919
18920
18925
18934
18936
18940
18963
18965
18989
18990
19000
19001
19004
19007
19008
19013
19017
19018
19019
19020
19021
19027
19029
19041
19046
19050
19054
19057
19065
19066
19073
19081
19082
19083
19093
19098
19100
19103
19110
19111
19113
19121
19124
19126
19130
19132
19142
19147
19153
19165
19166
19169
19174
19185
19187
19192
19196
19199
19204
19206
19219
19225
19240
19247
19258
19260
19262
19269
19274
19285
19288
19293
19299
19301
19315
19317
19321
19323
19325
19326
19327
19330
19344
19346
19350
19354
19361
19364
19370
19372
19380
19384
19390
19392
19404
19415
19416
19423
19426
19427
19428
19441
19465
19467
19480
19481
19488
19490
19493
19499
19508
19510
19511
19515
19519
19520
19524
19531
19543
19545
19546
19556
19557
19560
19561
19572
19573
19584
19592
19595
19597
19604
19615
19623
19627
19629
19631
19632
19638
19658
19660
19665
19667
19686
19693
19695
19712
19717
19720
19725
19727
19733
19741
19746
19747
19751
19758
19760
19761
19763
19765
19766
19768
19769
19774
19779
19802
19806
19807
19811
19816
19819
19822
19824
19828
19844
19845
19849
19853
19855
19860
19861
19864
19882
19892
19905
19907
19911
19913
19915
19916
19920
19922
19930
19933
19934
19935
19939
19943
19949
19950
19955
19958
19963
19969
19978
19979
19983
19986
19988
19993
19997
20009
20013
20019
20020
20025
20027
20028
20029
20031
20033
20034
20036
20037
20043
20048
20049
20051
20052
20059
20061
20074
20078
20082
20089
20092
20095
20099
20105
20108
20117
20119
20132
20140
20142
20150
20165
20167
20172
20183
20186
20191
20204
20206
20210
20214
20215
20218
20224
20229
20233
20239
20240
20243
20244
20246
20248
20249
20256
20257
20264
20265
20273
20282
20284
20285
20287
20290
20297
20299
20302
20313
20316
20321
20322
20323
20325
20338
20345
20347
20348
20350
20351
20355
20358
20364
20372
20376
20392
20395
20396
20397
20403
20409
20413
20427
20433
20443
20447
20449
20451
20457
20466
20474
20475
20478
20481
20483
20486
20490
20493
20497
20503
20508
20510
20512
20514
20518
20522
20524
20529
20535
20536
20539
20553
20559
20561
20567
20568
20573
20574
20579
20581
20585
20594
20599
20616
20620
20621
20626
20628
20630
20631
20633
20634
20635
20637
20649
20653
20661
20667
20669
20676
20677
20682
20683
20687
20688
20691
20708
20718
20728
20737
20739
20745
20751
20758
20768
20770
20772
20778
20784
20790
20796
20801
20808
20815
20823
20825
20833
20844
20847
20849
20856
20861
20863
20879
20889
20894
20899
20901
20919
20929
20950
20963
20967
20970
20978
20985
20988
20990
20994
21006
21016
21019
21035
21037
21041
21055
21060
21067
21076
21082
21086
21088
21098
21099
21108
21121
21127
21130
21132
21134
21138
21139
21147
21161
21166
21168
21173
21181
21182
21199
21200
21207
21210
21217
21229
21237
21238
21240
21245
21251
21253
21256
21271
21272
21274
21275
21277
21278
21292
21299
21312
21317
21320
21324
21328
21334
21343
21349
21360
21366
21372
21384
21389
21403
21406
21409
21420
21423
21424
21436
21438
21443
21452
21453
21468
21475
21488
21490
21492
21494
21497
21503
21512
21527
21534
21543
21562
21565
21566
21571
21572
21581
21582
21587
21593
21600
21602
21609
21611
21616
21617
21619
21622
21627
21629
21636
21637
21638
21646
21648
21650
21652
21656
21657
21660
21662
21669
21671
21677
21684
21693
21694
21697
21700
21701
21702
21703
21704
21709
21713
21716
21718
21722
21731
21732
21738
21743
21746
21747
21748
21750
21760
21779
21780
21782
21785
21792
21797
21802
21809
21817
21820
21824
21831
21843
21847
21848
21851
21862
21869
21871
21872
21879
21881
21900
21909
21912
21915
21918
21919
21924
21925
21927
21932
21933
21934
21936
21944
21950
21952
21965
21971
21972
21988
22014
22018
22030
22032
22038
22045
22049
22050
22057
22058
22080
22082
22105
22112
22113
22116
22117
22121
22130
22144
22152
22155
22163
22164
22167
22168
22170
22178
22179
22187
22196
22198
22228
22233
22234
22238
22244
22245
22249
22252
22255
22257
22275
22286
22296
22297
22306
22316
22318
22322
22324
22329
22365
22367
22370
22373
22378
22386
22387
22388
22394
22398
22413
22415
22421
22426
22435
22436
22441
22451
22459
22475
22480
22499
22515
22521
22528
22537
22541
22542
22549
22551
22552
22555
22558
22571
22577
22578
22583
22587
22593
22599
22615
22621
22632
22642
22643
22644
22663
22664
22668
22669
22671
22674
22683
22688
22690
22698
22701
22708
22723
22726
22727
22736
22737
22745
22755
22756
22758
22760
22781
22782
22784
22785
22788
22789
22793
22796
22804
22808
22813
22815
22817
22821
22823
22833
22843
22851
22858
22861
22864
22871
22872
22882
