2517
2519
2533
2548
2552
2567
2571
2589
2593
2594
2622
2646
2652
2659
2679
2700
2704
2706
2729
2753
2758
2766
2787
2799
2802
2811
2813
2817
2834
2837
2854
2871
2898
2901
2932
2944
2945
2950
2962
2964
2972
2974
2993
3026
3031
3034
3044
3047
3051
3056
3059
3063
3074
3081
3083
3099
3105
3112
3153
3164
3210
3227
3233
3248
3267
3296
3308
3345
3384
3387
3398
3415
3417
3423
3447
3455
3463
3464
3481
3482
3484
3485
3494
3503
3514
3516
3544
3563
3592
3610
3629
3650
3672
3688
3690
3701
3706
3707
3714
3718
3721
3735
3737
3744
3748
3773
3779
3781
3821
3835
3867
3895
3911
3935
3960
3979
3987
3996
4007
4032
4037
4058
4092
4105
4136
4140
4175
4210
4302
4378
4407
4445
4458
4502
4504
4542
4618
4656
4660
4665
4726
4750
4770
4824
4827
4842
4847
4925
4933
4948
4955
5063
5074
5078
5095
5108
5112
5117
5126
5133
5137
5143
5144
5147
5172
5180
5187
5203
5228
5255
5274
5286
5341
5349
5374
5399
5410
5418
5434
5440
5455
5456
5460
5492
5536
5551
5589
5622
5655
5661
5733
5772
5783
5806
5830
5850
5858
5870
5885
5912
5949
5962
6001
6007
6028
6073
6098
6130
6184
6185
6187
6224
6226
6231
6239
6255
6293
6308
6315
6318
6320
6358
6360
6384
6416
6420
6441
6443
6450
6485
6497
6525
6534
6539
6560
6568
6574
6580
6593
6611
6617
6624
6628
6643
6645
6651
6655
6658
6659
6661
6671
6673
6677
6678
6683
6687
6688
6697
6702
6720
6725
6744
6753
6757
6778
6783
6823
6836
6839
6842
6850
6871
6890
6891
6897
6903
6913
6920
6927
6932
6942
6945
6946
6947
6956
6972
6998
7004
7043
7055
7061
7068
7074
7085
7087
7102
7122
7135
7137
7142
7144
7150
7157
7187
7192
7200
7209
7222
7224
7234
7254
7257
7260
7274
7282
7295
7310
7347
7348
7351
7358
7362
7374
7400
7411
7412
7417
7422
7433
7448
7494
7498
7512
7513
7523
7532
7534
7547
7553
7606
7753
7884
7953
7987
8034
8095
8110
8156
8170
8339
8422
8427
8526
8527
8541
8547
8575
8585
8588
8603
8618
8619
8623
8625
8627
8641
8643
8661
8674
8695
8755
8763
8767
8793
8795
8821
8830
8832
8873
8882
8885
8886
8897
8942
8943
8948
8955
8970
9043
9051
9061
9087
9146
9166
9168
9169
9184
9203
9230
9238
9246
9264
9270
9272
9274
9288
9294
9324
9325
9329
9353
9367
9384
9394
9442
9445
9468
9472
9493
9520
9527
9535
9539
9549
9558
9570
9579
9584
9603
9620
9636
9650
9684
9711
9732
9741
9749
9770
9785
9793
9795
9803
9805
9806
9827
9829
9836
9844
9847
9866
9868
9876
9880
9896
9913
9914
9922
9953
9968
9970
9972
9986
10001
10004
10006
10011
10013
10027
10030
10061
10063
10064
10077
10086
10089
10103
10110
10114
10117
10130
10144
10145
10159
10166
10170
10176
10224
10233
10246
10253
10278
10288
10312
10313
10324
10333
10346
10354
10373
10384
10408
10433
10434
10478
10487
10493
10511
10512
10516
10530
10541
10558
10594
10603
10650
10658
10667
10673
10701
10706
10721
10737
10739
10754
10773
10789
10792
10793
10800
10811
10833
10840
10854
10867
10874
10899
10912
10917
10938
10985
10997
11033
11047
11065
11075
11120
11148
11155
11175
11205
11239
11276
11319
11320
11321
11390
11405
11425
11456
11463
11505
11528
11548
11559
11560
11595
11606
11620
11625
11627
11633
11651
11667
11685
11692
11693
11697
11703
11712
11785
11800
11856
11858
11869
11872
11888
11892
11893
11902
11925
11985
12015
12018
12030
12035
12051
12063
12098
12103
12111
12143
12162
12167
12211
12289
12295
12385
12389
12407
12445
12499
12517
12525
12540
12542
12545
12553
12561
12565
12567
12568
12579
12586
12591
12596
12597
12605
12618
12623
12626
12633
12641
12668
12679
12766
12770
12811
12827
12839
12892
12897
12921
12934
12944
12957
12958
12966
12974
12976
12989
12991
13010
13011
13014
13021
13056
13095
13100
13110
13120
13138
13141
13168
13182
13206
13209
13212
13231
13264
13322
13339
13356
13386
13431
13459
13470
13495
13496
13531
13537
13544
13574
13576
13580
13602
13630
13637
13652
13657
13666
13672
13739
13777
13783
13784
13787
13794
13807
13834
13863
13884
13900
13910
13911
13935
13950
13967
13972
13974
14001
14027
14037
14049
14056
14090
14103
14105
14141
14144
14193
14199
14204
14208
14312
14334
14359
14360
14361
14412
14417
14492
14498
14501
14504
14505
14518
14718
14744
14765
14774
14778
14804
14837
14851
14855
14879
14891
14931
14966
15006
15010
15021
15065
15077
15102
15109
15118
15124
15131
15136
15154
15170
15177
15180
15206
15210
15241
15248
15253
15258
15272
15306
15311
15316
15317
15378
15388
15397
15414
15421
15428
15450
15456
15481
15492
15502
15525
15540
15615
15624
15710
15731
15736
15737
15773
15838
15852
15869
15873
15904
15911
15928
15930
15940
15969
15970
15974
15977
15989
16064
16067
16134
16146
16158
16161
16179
16278
16281
16321
16349
16363
16365
16389
16391
16437
16451
16480
16493
16557
16582
16593
16599
16647
16665
16704
16707
16768
16785
16787
16812
16882
16985
17006
17030
17060
17069
17116
17151
17154
17222
17278
17367
17372
17419
17442
17477
17520
17571
17620
17647
17650
17665
17683
17690
17702
17717
17739
17787
17826
17894
17905
17940
17944
17991
18042
18110
18145
18176
18183
18188
18211
18246
18295
18300
18317
18322
18398
18408
18427
18428
18433
18451
18454
18466
18475
18482
18499
18515
18524
18533
18592
18603
18626
18627
18637
18654
18686
18709
18715
18732
18758
18786
18798
18801
18821
18837
18858
18872
18892
18895
18957
18962
19003
19019
19041
19057
19098
19106
19111
19128
19168
19182
19188
19218
19224
19240
19252
19256
19272
19290
19301
19323
19340
19344
19368
19392
19393
19435
19450
19468
19480
19489
19514
19544
19545
19557
19566
19595
19615
19629
19676
19701
19739
19757
19773
19819
19827
19879
19897
19909
19916
19946
19951
19958
19963
19980
19987
19988
20031
20137
20156
20186
20240
20298
20316
20358
20393
20396
20398
20483
20497
20522
20546
20550
20598
20626
20631
20654
20671
20673
20695
20708
20728
20737
20740
20748
20756
20831
20846
20863
20871
20872
20954
20963
21006
21065
21076
21088
21106
21121
21143
21158
21161
21168
21196
21201
21203
21212
21229
21248
21279
21292
21310
21333
21345
21349
21356
21365
21374
21406
21418
21420
21435
21452
21477
21497
21547
21568
21569
21604
21612
21620
21625
21641
21660
21693
21700
21703
21752
21773
21789
21824
21838
21839
21843
21848
21884
21900
21910
21915
21918
21920
21924
21933
21950
21953
21956
21957
21969
22017
22018
22019
22041
22052
22060
22077
22120
22155
22159
22164
22178
22198
22214
22230
22242
22262
22266
22273
22281
22292
22368
22375
22416
22435
22441
22444
22470
22480
22489
22505
22547
22559
22578
22600
22623
22641
22652
22691
22698
22702
22715
22717
22737
22748
22758
22768
22795
22796
22806
22815
22817
22833
22859
22871
