2499
2501
2503
2505
2506
2507
2509
2511
2514
2515
2516
2518
2520
2526
2527
2529
2531
2532
2534
2536
2537
2539
2540
2542
2543
2544
2550
2551
2559
2561
2563
2565
2566
2568
2569
2570
2573
2574
2575
2576
2577
2579
2580
2581
2583
2584
2585
2586
2587
2588
2592
2596
2599
2602
2603
2604
2605
2608
2609
2610
2611
2612
2613
2614
2615
2617
2620
2621
2623
2624
2625
2627
2628
2629
2632
2637
2639
2640
2641
2642
2644
2645
2650
2651
2653
2656
2657
2658
2660
2661
2663
2665
2667
2669
2670
2671
2672
2677
2678
2682
2686
2687
2688
2691
2693
2695
2699
2705
2707
2709
2710
2713
2714
2716
2718
2721
2723
2724
2727
2728
2730
2731
2732
2733
2735
2737
2738
2739
2741
2743
2744
2747
2748
2750
2751
2754
2757
2761
2762
2763
2764
2770
2772
2773
2776
2779
2782
2783
2786
2789
2791
2795
2800
2803
2805
2806
2807
2808
2809
2814
2816
2818
2819
2820
2822
2824
2828
2833
2835
2836
2838
2839
2840
2842
2843
2845
2847
2848
2850
2851
2852
2853
2857
2858
2859
2860
2862
2864
2865
2866
2867
2870
2872
2873
2874
2876
2878
2879
2880
2881
2882
2888
2891
2892
2893
2894
2895
2899
2900
2902
2904
2905
2906
2907
2909
2910
2911
2912
2915
2916
2918
2919
2920
2922
2924
2928
2930
2934
2935
2936
2939
2940
2941
2942
2946
2948
2951
2952
2953
2955
2957
2960
2963
2966
2970
2971
2975
2976
2979
2980
2981
2983
2984
2985
2986
2990
2992
2995
2998
2999
3000
3001
3002
3005
3010
3011
3012
3013
3014
3016
3018
3020
3021
3022
3029
3030
3032
3035
3043
3045
3048
3052
3053
3055
3058
3060
3061
3062
3064
3065
3066
3068
3070
3071
3075
3076
3077
3080
3082
3085
3087
3088
3089
3095
3097
3101
3102
3104
3106
3107
3108
3109
3110
3111
3114
3115
3118
3119
3122
3123
3130
3132
3134
3139
3141
3143
3147
3148
3152
3157
3158
3159
3160
3161
3163
3168
3169
3170
3171
3172
3174
3175
3178
3179
3180
3181
3182
3185
3186
3187
3190
3192
3193
3194
3196
3197
3206
3208
3211
3212
3213
3214
3216
3217
3218
3219
3220
3221
3222
3225
3226
3229
3230
3231
3235
3237
3238
3239
3242
3243
3249
3252
3255
3257
3258
3260
3263
3264
3266
3268
3269
3272
3273
3274
3276
3278
3279
3280
3281
3285
3286
3288
3290
3291
3293
3294
3295
3298
3299
3300
3301
3302
3304
3306
3307
3309
3310
3311
3312
3314
3315
3316
3317
3319
3320
3321
3322
3324
3325
3327
3328
3330
3339
3340
3341
3344
3346
3347
3351
3355
3357
3359
3360
3361
3365
3370
3377
3378
3381
3382
3383
3386
3390
3393
3394
3395
3397
3400
3401
3405
3407
3408
3409
3410
3412
3416
3420
3421
3422
3424
3425
3426
3428
3429
3432
3433
3434
3435
3436
3437
3438
3441
3442
3446
3449
3450
3451
3453
3456
3458
3460
3461
3466
3467
3468
3469
3472
3475
3476
3478
3479
3486
3489
3490
3492
3495
3496
3498
3499
3500
3504
3506
3509
3511
3512
3515
3518
3522
3523
3524
3527
3528
3529
3533
3535
3536
3537
3541
3543
3546
3548
3552
3553
3554
3556
3557
3558
3562
3564
3565
3566
3567
3569
3571
3573
3574
3575
3576
3577
3578
3579
3580
3581
3582
3583
3584
3588
3589
3590
3593
3594
3595
3601
3602
3603
3604
3607
3608
3609
3611
3614
3617
3619
3621
3625
3626
3630
3632
3634
3636
3637
3638
3640
3642
3643
3644
3648
3649
3651
3652
3653
3654
3655
3656
3657
3660
3663
3664
3666
3668
3669
3673
3675
3676
3681
3682
3684
3685
3689
3691
3692
3693
3695
3696
3698
3699
3700
3702
3704
3705
3708
3709
3713
3715
3717
3723
3725
3726
3727
3728
3729
3731
3733
3734
3736
3738
3739
3741
3743
3746
3747
3749
3751
3755
3758
3760
3761
3762
3765
3767
3768
3770
3777
3778
3780
3782
3783
3785
3786
3787
3789
3791
3793
3794
3796
3798
3799
3801
3803
3804
3809
3810
3811
3812
3813
3816
3817
3818
3822
3823
3825
3826
3827
3828
3830
3831
3832
3833
3836
3838
3839
3841
3842
3843
3844
3846
3847
3848
3849
3850
3851
3852
3854
3855
3856
3857
3859
3860
3863
3864
3865
3868
3869
3871
3873
3875
3876
3878
3880
3881
3882
3883
3884
3887
3888
3889
3890
3891
3892
3893
3894
3896
3897
3898
3901
3902
3903
3904
3906
3908
3909
3910
3912
3913
3914
3915
3916
3917
3919
3920
3922
3928
3929
3930
3931
3932
3933
3934
3936
3937
3938
3939
3942
3943
3944
3945
3946
3952
3953
3956
3957
3959
3962
3964
3965
3966
3967
3968
3970
3971
3972
3973
3976
3977
3978
3980
3981
3983
3984
3988
3990
3991
3992
3993
3998
3999
4000
4001
4002
4003
4009
4011
4012
4014
4015
4016
4019
4020
4021
4023
4024
4025
4027
4028
4029
4030
4031
4033
4034
4035
4036
4038
4040
4041
4042
4044
4045
4047
4048
4049
4051
4052
4053
4055
4057
4059
4061
4062
4064
4066
4072
4075
4077
4078
4079
4081
4082
4083
4084
4085
4086
4088
4089
4090
4093
4100
4102
4103
4104
4108
4109
4113
4114
4115
4116
4117
4118
4119
4122
4123
4124
4125
4126
4127
4130
4131
4132
4135
4137
4138
4139
4141
4142
4144
4145
4147
4148
4149
4150
4153
4154
4155
4156
4157
4159
4160
4162
4166
4167
4168
4173
4174
4180
4182
4183
4186
4187
4188
4189
4191
4192
4193
4194
4195
4196
4197
4198
4199
4200
4202
4204
4205
4206
4207
4211
4212
4214
4216
4217
4218
4219
4220
4222
4228
4229
4230
4232
4234
4236
4237
4238
4239
4242
4243
4244
4245
4246
4247
4248
4249
4250
4251
4252
4253
4254
4260
4261
4264
4265
4266
4267
4268
4269
4272
4274
4277
4278
4282
4283
4284
4286
4290
4292
4293
4301
4303
4304
4306
4308
4309
4312
4313
4317
4318
4321
4322
4325
4327
4330
4331
4332
4334
4336
4338
4339
4341
4342
4346
4348
4351
4356
4358
4360
4363
4364
4366
4368
4369
4371
4373
4374
4383
4384
4385
4387
4388
4391
4393
4395
4401
4404
4405
4406
4408
4413
4418
4421
4422
4423
4428
4430
4431
4433
4434
4442
4443
4444
4446
4447
4448
4449
4451
4453
4454
4457
4462
4471
4478
4484
4487
4488
4489
4491
4494
4496
4499
4501
4503
4505
4507
4513
4517
4518
4519
4521
4523
4528
4531
4532
4534
4535
4537
4538
4539
4541
4543
4545
4548
4550
4554
4555
4557
4558
4559
4560
4563
4564
4567
4568
4571
4576
4577
4579
4580
4581
4582
4586
4590
4591
4592
4596
4600
4603
4604
4606
4609
4612
4613
4616
4617
4621
4623
4626
4627
4630
4631
4634
4635
4636
4637
4638
4639
4640
4643
4644
4645
4646
4647
4648
4649
4650
4654
4655
4659
4661
4662
4664
4667
4669
4671
4672
4673
4674
4675
4676
4678
4680
4681
4682
4683
4684
4686
4687
4688
4690
4691
4695
4696
4697
4698
4699
4700
4701
4702
4704
4706
4708
4711
4712
4713
4714
4715
4717
4720
4722
4723
4724
4729
4731
4732
4733
4735
4736
4737
4741
4745
4747
4748
4749
4751
4754
4757
4759
4761
4762
4763
4764
4765
4766
4768
4769
4771
4772
4773
4774
4775
4776
4778
4783
4786
4788
4790
4791
4792
4793
4795
4800
4802
4803
4805
4806
4808
4809
4811
4813
4815
4816
4817
4820
4821
4822
4823
4825
4828
4830
4831
4832
4833
4836
4837
4840
4841
4845
4846
4850
4852
4853
4855
4856
4857
4858
4862
4863
4864
4865
4866
4873
4874
4876
4879
4880
4881
4883
4884
4885
4886
4887
4891
4892
4894
4896
4897
4900
4901
4902
4904
4905
4907
4908
4909
4911
4912
4913
4914
4915
4916
4917
4918
4919
4920
4922
4924
4926
4927
4928
4929
4930
4932
4934
4935
4936
4937
4940
4941
4942
4943
4944
4946
4949
4950
4952
4956
4961
4962
4964
4966
4967
4968
4972
4973
4975
4976
4978
4979
4982
4985
4987
4990
4991
4992
4994
4995
4996
4997
4998
4999
5000
5001
5002
5003
5004
5005
5008
5010
5011
5012
5013
5016
5017
5018
5021
5025
5026
5028
5029
5030
5033
5035
5036
5037
5038
5039
5041
5042
5043
5044
5045
5050
5052
5054
5055
5056
5058
5059
5060
5061
5062
5064
5065
5067
5068
5069
5070
5071
5072
5073
5077
5079
5081
5082
5083
5084
5085
5086
5087
5088
5091
5092
5093
5096
5100
5101
5103
5106
5107
5110
5111
5113
5114
5116
5118
5119
5121
5122
5124
5125
5128
5132
5134
5135
5136
5139
5140
5141
5145
5146
5149
5150
5153
5154
5156
5158
5159
5160
5161
5162
5163
5165
5166
5168
5173
5174
5175
5176
5177
5178
5179
5181
5185
5189
5190
5193
5195
5196
5198
5199
5200
5202
5204
5206
5207
5209
5213
5214
5216
5217
5218
5221
5223
5224
5225
5226
5227
5229
5234
5235
5236
5238
5240
5241
5242
5244
5245
5246
5247
5248
5249
5253
5254
5256
5260
5261
5265
5266
5267
5270
5271
5272
5273
5277
5279
5283
5284
5289
5291
5292
5293
5294
5296
5299
5300
5302
5304
5305
5308
5311
5312
5314
5315
5316
5319
5320
5324
5325
5329
5330
5331
5332
5334
5336
5339
5340
5342
5343
5347
5350
5351
5354
5355
5357
5358
5360
5361
5364
5365
5366
5367
5368
5370
5371
5372
5377
5378
5379
5380
5381
5383
5384
5385
5386
5388
5398
5403
5404
5405
5407
5408
5412
5413
5414
5415
5420
5422
5424
5425
5426
5429
5430
5431
5433
5435
5436
5438
5439
5441
5442
5443
5444
5450
5451
5452
5453
5454
5458
5461
5462
5463
5464
5465
5466
5468
5470
5471
5472
5474
5475
5477
5478
5483
5484
5488
5489
5490
5493
5496
5498
5499
5500
5502
5504
5506
5510
5511
5513
5515
5521
5523
5524
5525
5528
5529
5531
5533
5534
5535
5537
5539
5542
5543
5544
5545
5546
5547
5550
5553
5555
5556
5557
5561
5564
5565
5566
5567
5568
5569
5570
5571
5572
5573
5576
5577
5578
5580
5581
5583
5584
5585
5586
5590
5591
5593
5594
5595
5597
5599
5602
5606
5607
5608
5610
5611
5614
5615
5616
5617
5618
5619
5620
5623
5625
5627
5628
5629
5630
5631
5633
5636
5638
5639
5640
5641
5643
5644
5645
5649
5650
5651
5652
5654
5658
5665
5667
5669
5670
5674
5676
5678
5679
5680
5681
5683
5686
5690
5691
5692
5695
5696
5697
5698
5699
5701
5702
5703
5705
5706
5707
5708
5710
5711
5712
5713
5714
5716
5718
5719
5721
5722
5723
5726
5727
5728
5729
5730
5731
5732
5736
5737
5738
5740
5741
5743
5744
5746
5747
5749
5751
5754
5755
5756
5757
5758
5759
5763
5765
5767
5769
5770
5771
5773
5774
5775
5777
5778
5780
5784
5787
5789
5790
5791
5794
5796
5797
5798
5799
5800
5805
5809
5810
5812
5813
5815
5816
5817
5818
5819
5820
5822
5824
5825
5829
5831
5832
5833
5834
5836
5837
5838
5840
5841
5842
5843
5846
5848
5849
5852
5853
5854
5855
5856
5859
5860
5861
5862
5866
5867
5868
5869
5871
5872
5873
5874
5878
5880
5881
5884
5886
5888
5892
5898
5900
5904
5905
5906
5908
5909
5911
5916
5918
5921
5922
5923
5924
5925
5926
5927
5928
5933
5935
5936
5937
5938
5940
5943
5945
5946
5947
5948
5951
5952
5954
5955
5956
5957
5958
5960
5963
5964
5967
5971
5972
5973
5974
5975
5976
5977
5979
5980
5981
5982
5983
5984
5986
5987
5988
5990
5991
5992
5993
5994
5995
5996
5997
5998
5999
6000
6002
6003
6004
6005
6006
6011
6013
6014
6017
6018
6019
6020
6021
6022
6024
6025
6026
6027
6029
6030
6031
6032
6033
6034
6037
6038
6039
6040
6042
6043
6044
6045
6046
6047
6048
6049
6050
6051
6052
6053
6054
6056
6061
6064
6065
6067
6068
6069
6070
6072
6075
6078
6079
6080
6081
6083
6084
6085
6086
6087
6090
6091
6094
6096
6099
6101
6104
6105
6106
6111
6113
6114
6115
6118
6119
6120
6121
6122
6123
6125
6127
6129
6131
6133
6135
6141
6142
6143
6144
6145
6146
6147
6149
6150
6151
6158
6160
6161
6162
6163
6164
6165
6166
6167
6168
6170
6171
6172
6174
6176
6177
6178
6179
6180
6181
6182
6188
6189
6190
6191
6194
6196
6198
6200
6201
6202
6206
6208
6210
6212
6213
6215
6219
6220
6221
6222
6223
6227
6228
6229
6232
6234
6241
6242
6243
6244
6245
6248
6252
6254
6257
6258
6261
6262
6263
6264
6265
6266
6271
6273
6274
6275
6276
6278
6279
6280
6281
6282
6283
6285
6286
6287
6289
6291
6295
6296
6298
6300
6302
6304
6305
6306
6309
6310
6311
6314
6316
6317
6319
6322
6325
6326
6327
6329
6330
6332
6334
6335
6336
6339
6340
6341
6342
6343
6344
6346
6347
6349
6350
6351
6352
6353
6354
6355
6356
6359
6361
6362
6363
6364
6371
6372
6374
6375
6376
6377
6378
6379
6380
6381
6385
6386
6388
6389
6390
6392
6395
6396
6397
6398
6405
6406
6407
6408
6409
6410
6411
6413
6414
6415
6418
6421
6425
6426
6427
6430
6431
6433
6434
6438
6440
6442
6444
6445
6447
6448
6451
6452
6453
6454
6455
6456
6457
6459
6460
6462
6463
6464
6466
6467
6468
6469
6471
6473
6474
6475
6477
6478
6479
6481
6482
6484
6487
6488
6489
6491
6492
6493
6494
6495
6496
6498
6500
6501
6502
6504
6507
6509
6511
6512
6513
6515
6516
6517
6519
6522
6523
6524
6526
6528
6529
6530
6531
6533
6535
6536
6537
6541
6542
6543
6546
6547
6550
6551
6553
6554
6555
6561
6562
6564
6567
6569
6573
6576
6577
6578
6581
6582
6584
6585
6587
6589
6590
6591
6592
6599
6601
6602
6604
6605
6607
6608
6609
6612
6613
6614
6616
6618
6620
6621
6625
6626
6634
6635
6636
6637
6639
6640
6647
6652
6653
6656
6662
6663
6664
6665
6666
6667
6668
6670
6672
6674
6676
6679
6681
6682
6684
6685
6686
6689
6691
6692
6693
6694
6698
6699
6700
6701
6706
6708
6710
6714
6717
6718
6722
6723
6726
6727
6728
6729
6730
6731
6732
6733
6734
6737
6740
6741
6742
6745
6746
6747
6752
6755
6758
6759
6760
6761
6762
6765
6766
6767
6771
6776
6777
6779
6781
6784
6785
6786
6787
6789
6790
6791
6793
6794
6795
6796
6797
6798
6799
6800
6806
6807
6810
6811
6813
6814
6815
6816
6818
6819
6821
6825
6826
6827
6828
6829
6831
6832
6837
6838
6840
6846
6849
6852
6853
6855
6856
6857
6860
6861
6862
6864
6865
6869
6873
6874
6875
6876
6877
6878
6880
6881
6883
6887
6893
6895
6898
6899
6900
6901
6902
6904
6905
6906
6907
6908
6909
6910
6912
6918
6919
6921
6923
6924
6925
6926
6930
6931
6933
6936
6937
6938
6939
6940
6941
6950
6953
6954
6955
6957
6958
6959
6963
6964
6967
6968
6969
6974
6975
6976
6977
6978
6979
6980
6983
6985
6986
6987
6990
6991
6992
6993
6994
6999
7000
7002
7006
7007
7009
7011
7012
7013
7015
7016
7017
7021
7022
7023
7024
7025
7026
7028
7032
7034
7035
7036
7040
7042
7047
7048
7049
7050
7051
7052
7053
7056
7057
7058
7059
7062
7063
7064
7065
7069
7071
7077
7078
7081
7082
7083
7084
7088
7092
7094
7095
7096
7100
7101
7107
7109
7111
7114
7115
7116
7117
7118
7120
7123
7125
7126
7128
7131
7132
7134
7138
7140
7143
7146
7148
7149
7152
7153
7154
7155
7156
7160
7161
7162
7164
7165
7168
7169
7170
7171
7172
7174
7175
7176
7177
7178
7180
7181
7182
7184
7186
7188
7189
7190
7193
7194
7195
7197
7199
7201
7202
7204
7205
7206
7208
7210
7216
7217
7218
7220
7221
7223
7225
7232
7233
7235
7236
7237
7238
7240
7241
7242
7244
7245
7246
7247
7248
7249
7251
7252
7253
7255
7256
7258
7261
7262
7263
7264
7267
7268
7269
7271
7272
7273
7277
7278
7279
7280
7284
7286
7287
7290
7291
7292
7297
7298
7299
7300
7302
7303
7304
7305
7306
7307
7308
7313
7315
7316
7318
7319
7320
7321
7322
7323
7324
7325
7328
7329
7330
7331
7332
7333
7334
7335
7336
7337
7341
7342
7343
7345
7349
7352
7353
7354
7355
7356
7357
7359
7360
7361
7363
7364
7365
7367
7369
7370
7373
7375
7376
7377
7378
7381
7382
7384
7385
7386
7387
7388
7390
7391
7393
7394
7395
7396
7399
7401
7402
7405
7407
7409
7410
7413
7414
7418
7419
7420
7421
7423
7424
7426
7428
7430
7434
7435
7437
7438
7439
7441
7442
7445
7446
7451
7452
7454
7455
7457
7458
7459
7460
7461
7462
7463
7464
7466
7468
7470
7472
7473
7474
7476
7478
7479
7480
7481
7483
7484
7486
7488
7489
7490
7491
7492
7493
7497
7500
7501
7504
7505
7506
7507
7509
7510
7515
7516
7518
7520
7521
7522
7524
7525
7526
7527
7528
7529
7531
7535
7536
7538
7539
7541
7542
7544
7551
7552
7554
7555
7556
7557
7559
7561
7564
7566
7567
7568
7571
7573
7574
7575
7577
7578
7579
7581
7583
7584
7587
7589
7591
7592
7593
7596
7597
7599
7600
7603
7604
7607
7608
7609
7610
7611
7612
7616
7618
7620
7621
7622
7623
7625
7626
7627
7628
7631
7632
7633
7636
7637
7638
7639
7640
7642
7645
7646
7648
7656
7657
7659
7660
7661
7663
7665
7667
7668
7672
7673
7675
7676
7677
7678
7679
7681
7682
7683
7684
7686
7687
7688
7690
7691
7693
7696
7697
7699
7704
7705
7706
7707
7709
7711
7714
7715
7716
7717
7719
7720
7722
7723
7724
7728
7729
7730
7731
7734
7735
7736
7737
7740
7741
7744
7745
7749
7750
7751
7752
7754
7755
7756
7757
7759
7760
7761
7762
7763
7765
7767
7768
7769
7770
7772
7775
7777
7778
7779
7780
7781
7782
7783
7784
7785
7786
7787
7790
7791
7792
7793
7795
7796
7797
7798
7799
7801
7802
7803
7805
7808
7809
7810
7814
7815
7816
7821
7822
7826
7831
7832
7833
7834
7835
7838
7839
7840
7841
7842
7843
7844
7846
7848
7849
7851
7852
7853
7854
7859
7860
7861
7862
7863
7864
7865
7866
7868
7870
7872
7873
7874
7875
7876
7878
7879
7880
7881
7883
7887
7888
7889
7890
7891
7892
7896
7897
7900
7901
7902
7904
7905
7906
7907
7908
7911
7913
7914
7917
7918
7919
7920
7923
7924
7925
7926
7929
7930
7932
7933
7935
7936
7937
7938
7944
7945
7946
7947
7948
7950
7954
7955
7956
7957
7958
7960
7961
7962
7963
7967
7968
7970
7971
7974
7975
7976
7977
7978
7979
7980
7981
7982
7983
7984
7985
7986
7989
7990
7992
7993
7994
7996
7997
7998
8001
8004
8006
8008
8009
8010
8011
8012
8013
8014
8018
8019
8020
8023
8024
8025
8026
8027
8032
8036
8038
8039
8040
8042
8044
8045
8046
8049
8050
8051
8053
8055
8057
8059
8061
8062
8063
8064
8065
8066
8067
8069
8071
8072
8074
8075
8076
8077
8078
8079
8081
8084
8085
8086
8087
8089
8091
8092
8093
8096
8097
8098
8100
8101
8103
8105
8106
8109
8111
8113
8115
8116
8118
8120
8121
8124
8125
8127
8128
8129
8132
8133
8134
8136
8137
8141
8142
8143
8146
8147
8148
8150
8151
8152
8153
8155
8157
8160
8161
8162
8163
8166
8167
8168
8169
8171
8173
8174
8179
8181
8183
8184
8185
8186
8188
8189
8190
8191
8192
8197
8198
8199
8201
8203
8204
8205
8206
8207
8208
8210
8215
8217
8220
8222
8225
8228
8229
8231
8232
8235
8236
8237
8238
8240
8241
8242
8243
8245
8246
8247
8249
8250
8255
8257
8261
8263
8264
8265
8266
8268
8270
8272
8274
8275
8276
8278
8280
8281
8284
8285
8287
8288
8291
8294
8296
8297
8298
8300
8301
8303
8305
8306
8308
8309
8310
8312
8313
8315
8316
8318
8319
8320
8324
8327
8335
8336
8337
8338
8340
8341
8342
8343
8346
8347
8349
8357
8359
8360
8362
8364
8365
8367
8368
8369
8371
8373
8375
8377
8378
8380
8382
8384
8386
8387
8388
8389
8390
8391
8392
8395
8397
8399
8400
8401
8402
8403
8404
8405
8407
8408
8410
8411
8417
8418
8419
8420
8424
8425
8428
8429
8430
8433
8434
8435
8436
8437
8438
8439
8442
8443
8446
8447
8448
8449
8450
8451
8452
8454
8455
8457
8458
8460
8461
8464
8465
8466
8467
8468
8469
8470
8472
8474
8477
8478
8479
8480
8483
8486
8489
8492
8493
8494
8495
8496
8497
8498
8499
8501
8502
8503
8504
8505
8506
8509
8510
8511
8512
8514
8515
8516
8518
8521
8524
8530
8531
8532
8533
8534
8537
8538
8539
8542
8545
8549
8552
8553
8554
8556
8559
8560
8561
8562
8564
8569
8570
8571
8572
8573
8574
8576
8583
8584
8586
8589
8590
8591
8592
8594
8595
8596
8598
8602
8604
8605
8606
8608
8611
8620
8622
8624
8629
8631
8633
8634
8636
8637
8639
8644
8645
8646
8647
8650
8653
8654
8656
8657
8658
8662
8663
8665
8666
8667
8668
8670
8671
8675
8677
8679
8681
8682
8685
8686
8687
8689
8690
8692
8693
8696
8697
8698
8699
8700
8702
8703
8705
8706
8708
8710
8711
8712
8714
8715
8717
8718
8720
8722
8724
8725
8727
8729
8730
8732
8736
8737
8741
8743
8744
8746
8747
8750
8751
8753
8754
8756
8760
8762
8764
8768
8770
8771
8772
8773
8774
8776
8777
8779
8780
8781
8783
8784
8786
8787
8788
8790
8796
8799
8800
8801
8803
8804
8805
8807
8809
8811
8812
8813
8814
8819
8822
8824
8825
8829
8833
8834
8835
8836
8837
8838
8839
8842
8844
8845
8846
8847
8849
8850
8851
8852
8853
8855
8856
8858
8859
8860
8863
8864
8865
8867
8868
8870
8874
8876
8877
8878
8879
8880
8881
8883
8889
8892
8893
8894
8895
8898
8904
8905
8908
8909
8910
8911
8919
8920
8921
8922
8925
8926
8927
8929
8931
8933
8937
8944
8950
8953
8954
8956
8959
8961
8965
8966
8968
8969
8971
8972
8975
8976
8977
8981
8982
8984
8985
8986
8987
8988
8989
8992
8995
8997
8998
8999
9001
9003
9006
9009
9010
9014
9015
9016
9019
9020
9021
9022
9035
9037
9038
9039
9041
9042
9044
9045
9046
9048
9049
9053
9054
9055
9059
9060
9063
9065
9066
9068
9069
9071
9072
9073
9074
9075
9076
9077
9078
9079
9082
9085
9089
9090
9093
9094
9098
9099
9101
9102
9103
9106
9107
9109
9111
9113
9114
9115
9116
9117
9118
9119
9120
9121
9123
9124
9129
9131
9132
9134
9135
9137
9138
9140
9141
9142
9143
9144
9145
9150
9153
9154
9155
9157
9159
9160
9161
9163
9164
9165
9172
9179
9180
9183
9186
9187
9188
9189
9192
9193
9194
9195
9196
9199
9200
9201
9202
9204
9205
9206
9207
9209
9210
9212
9213
9214
9215
9219
9221
9222
9225
9226
9227
9228
9229
9231
9235
9236
9237
9241
9242
9245
9247
9248
9250
9251
9252
9253
9257
9258
9259
9260
9261
9262
9266
9267
9268
9273
9275
9277
9279
9280
9281
9284
9285
9286
9287
9289
9290
9291
9292
9293
9296
9299
9302
9303
9304
9306
9308
9309
9310
9311
9312
9314
9315
9317
9318
9323
9328
9331
9333
9334
9335
9336
9337
9338
9340
9341
9342
9344
9345
9346
9347
9350
9351
9352
9356
9358
9359
9361
9362
9365
9366
9370
9372
9374
9375
9376
9378
9379
9382
9386
9388
9389
9392
9396
9397
9398
9400
9402
9403
9405
9406
9407
9408
9409
9410
9411
9414
9417
9419
9420
9421
9423
9426
9429
9430
9431
9433
9434
9436
9439
9440
9441
9443
9446
9447
9448
9450
9451
9452
9454
9456
9457
9458
9459
9464
9465
9469
9470
9473
9476
9477
9478
9479
9480
9483
9484
9485
9488
9489
9490
9491
9492
9495
9496
9497
9498
9500
9501
9503
9508
9509
9511
9512
9516
9517
9518
9521
9522
9523
9525
9532
9538
9541
9543
9546
9548
9553
9556
9557
9559
9561
9563
9564
9571
9573
9574
9577
9580
9582
9585
9587
9588
9589
9590
9591
9592
9596
9597
9598
9599
9601
9602
9604
9605
9606
9609
9610
9613
9615
9622
9626
9632
9633
9634
9637
9638
9641
9642
9643
9644
9646
9649
9651
9654
9655
9658
9660
9661
9663
9666
9668
9669
9670
9674
9676
9678
9680
9681
9682
9683
9686
9687
9688
9689
9690
9692
9693
9694
9695
9697
9698
9699
9700
9702
9703
9704
9705
9706
9707
9708
9709
9710
9717
9720
9722
9724
9725
9726
9729
9733
9735
9736
9739
9740
9743
9744
9746
9747
9748
9757
9760
9764
9765
9766
9767
9768
9769
9771
9772
9773
9778
9779
9780
9781
9784
9787
9788
9789
9791
9797
9798
9801
9802
9807
9808
9810
9813
9814
9816
9819
9821
9825
9826
9830
9831
9832
9834
9837
9838
9842
9843
9846
9848
9850
9852
9853
9854
9855
9857
9858
9859
9860
9862
9863
9865
9867
9870
9871
9872
9874
9879
9881
9882
9883
9889
9894
9895
9897
9900
9901
9902
9903
9905
9906
9907
9909
9911
9917
9919
9921
9923
9925
9926
9927
9928
9929
9932
9934
9935
9936
9940
9941
9942
9944
9947
9948
9951
9952
9954
9955
9957
9958
9961
9962
9963
9964
9965
9967
9971
9974
9975
9980
9981
9983
9984
9987
9989
9990
9991
9992
9993
9994
9995
9996
9997
9998
10003
10005
10007
10008
10010
10012
10017
10018
10020
10021
10022
10023
10024
10025
10026
10029
10032
10037
10038
10039
10042
10044
10045
10046
10047
10048
10049
10051
10053
10055
10059
10066
10068
10069
10070
10072
10074
10075
10076
10078
10079
10080
10082
10083
10084
10087
10090
10091
10092
10093
10099
10102
10104
10105
10106
10107
10109
10111
10112
10113
10119
10121
10123
10124
10125
10127
10128
10133
10134
10136
10138
10142
10146
10152
10153
10156
10161
10164
10165
10168
10169
10171
10173
10174
10175
10177
10178
10179
10180
10182
10184
10185
10187
10189
10190
10191
10192
10197
10200
10202
10203
10204
10206
10207
10210
10211
10213
10214
10216
10217
10218
10221
10222
10223
10225
10226
10229
10231
10238
10240
10241
10242
10243
10244
10245
10247
10248
10250
10251
10252
10254
10255
10257
10258
10259
10260
10261
10262
10264
10269
10270
10271
10272
10275
10276
10277
10280
10281
10283
10285
10287
10290
10292
10298
10299
10300
10302
10303
10304
10305
10306
10310
10314
10315
10316
10317
10318
10320
10321
10323
10326
10328
10334
10336
10337
10338
10340
10343
10347
10348
10349
10350
10351
10352
10356
10358
10359
10361
10363
10365
10366
10367
10368
10369
10370
10374
10377
10379
10382
10383
10385
10386
10389
10391
10394
10396
10397
10398
10400
10402
10403
10404
10405
10406
10410
10412
10413
10415
10416
10421
10422
10423
10426
10428
10429
10430
10431
10432
10437
10438
10439
10440
10442
10443
10445
10446
10447
10451
10453
10454
10455
10456
10457
10459
10460
10464
10465
10466
10467
10469
10470
10471
10472
10473
10479
10480
10481
10483
10484
10486
10488
10492
10494
10496
10497
10499
10500
10501
10502
10504
10505
10508
10509
10513
10514
10515
10524
10526
10528
10533
10534
10535
10537
10538
10539
10540
10548
10552
10554
10555
10556
10559
10560
10561
10563
10564
10566
10567
10569
10570
10573
10574
10575
10576
10577
10579
10580
10582
10584
10585
10586
10589
10590
10595
10597
10598
10599
10600
10604
10605
10606
10607
10608
10610
10611
10612
10613
10614
10615
10617
10618
10620
10622
10624
10625
10626
10627
10628
10631
10632
10633
10635
10636
10638
10639
10640
10644
10645
10646
10647
10651
10652
10653
10655
10656
10657
10660
10661
10663
10664
10665
10666
10668
10669
10670
10678
10679
10682
10685
10686
10690
10691
10693
10694
10697
10699
10700
10702
10703
10705
10709
10711
10712
10716
10718
10719
10722
10723
10724
10726
10727
10728
10729
10731
10732
10733
10734
10735
10738
10740
10741
10743
10744
10745
10747
10748
10749
10750
10752
10753
10755
10756
10757
10759
10761
10762
10763
10764
10765
10767
10768
10769
10770
10771
10774
10775
10776
10777
10779
10781
10784
10785
10786
10787
10788
10790
10791
10796
10802
10803
10804
10806
10810
10812
10813
10814
10815
10816
10818
10820
10821
10822
10823
10825
10826
10827
10829
10830
10831
10834
10835
10838
10839
10841
10842
10843
10844
10845
10847
10849
10850
10851
10852
10853
10856
10858
10859
10860
10862
10863
10864
10865
10866
10869
10871
10872
10873
10875
10876
10877
10878
10879
10880
10882
10883
10888
10889
10891
10894
10895
10898
10900
10901
10904
10905
10908
10909
10910
10911
10913
10914
10915
10918
10920
10921
10923
10924
10925
10930
10931
10932
10933
10934
10936
10937
10939
10940
10941
10943
10944
10946
10947
10951
10952
10954
10955
10956
10957
10960
10961
10962
10963
10965
10967
10968
10969
10970
10973
10975
10976
10977
10979
10981
10986
10989
10990
10991
10994
10998
11000
11001
11002
11003
11004
11006
11008
11009
11010
11011
11014
11015
11016
11017
11018
11019
11022
11026
11027
11028
11029
11031
11037
11039
11041
11042
11044
11045
11046
11054
11057
11059
11063
11066
11067
11069
11070
11071
11073
11074
11078
11081
11083
11084
11085
11089
11092
11093
11094
11095
11096
11097
11098
11099
11105
11108
11109
11115
11116
11117
11119
11121
11122
11123
11124
11125
11127
11128
11129
11130
11131
11134
11136
11138
11144
11145
11146
11147
11150
11151
11152
11154
11156
11158
11160
11161
11162
11163
11165
11166
11167
11171
11173
11174
11176
11178
11179
11180
11181
11182
11184
11185
11186
11188
11189
11190
11192
11193
11196
11197
11198
11199
11200
11202
11208
11209
11210
11211
11213
11215
11216
11218
11219
11221
11225
11228
11230
11231
11232
11233
11234
11235
11240
11241
11242
11243
11244
11246
11247
11248
11250
11252
11254
11256
11257
11258
11259
11260
11261
11262
11263
11265
11267
11270
11272
11274
11275
11277
11279
11282
11283
11284
11286
11287
11288
11289
11291
11293
11294
11296
11299
11300
11301
11302
11303
11307
11308
11309
11311
11312
11313
11317
11323
11325
11326
11327
11328
11330
11331
11333
11335
11337
11338
11339
11340
11342
11344
11345
11347
11350
11351
11354
11356
11357
11359
11360
11361
11363
11367
11369
11371
11373
11374
11375
11379
11380
11383
11386
11388
11389
11392
11393
11394
11395
11396
11397
11399
11402
11403
11406
11407
11411
11413
11415
11416
11419
11429
11430
11432
11433
11436
11437
11438
11440
11441
11442
11443
11445
11446
11447
11449
11452
11453
11454
11455
11457
11459
11460
11462
11468
11470
11471
11473
11475
11476
11477
11478
11481
11485
11487
11488
11489
11490
11491
11492
11493
11496
11497
11499
11500
11503
11504
11506
11507
11508
11509
11511
11513
11514
11515
11516
11517
11518
11519
11520
11524
11526
11527
11529
11530
11531
11532
11533
11535
11537
11541
11542
11543
11544
11546
11549
11554
11555
11556
11557
11558
11561
11562
11564
11565
11566
11567
11571
11573
11576
11577
11578
11579
11580
11581
11587
11588
11590
11591
11592
11593
11596
11598
11599
11602
11605
11607
11608
11609
11610
11612
11613
11615
11616
11617
11618
11619
11621
11624
11626
11628
11630
11634
11635
11637
11639
11640
11641
11642
11645
11646
11647
11649
11650
11652
11653
11655
11656
11659
11662
11663
11664
11666
11669
11670
11671
11672
11673
11679
11681
11683
11684
11686
11687
11688
11690
11691
11694
11700
11701
11704
11705
11706
11707
11708
11709
11710
11713
11714
11715
11718
11719
11721
11722
11723
11725
11726
11727
11728
11730
11731
11732
11736
11737
11738
11739
11741
11742
11743
11744
11745
11746
11747
11748
11750
11751
11754
11755
11757
11759
11761
11763
11764
11767
11769
11770
11773
11774
11775
11777
11778
11779
11781
11782
11784
11787
11790
11791
11792
11793
11795
11797
11798
11799
11803
11805
11806
11807
11808
11809
11810
11812
11813
11814
11815
11816
11817
11818
11819
11820
11823
11824
11826
11827
11828
11829
11830
11831
11834
11835
11837
11838
11839
11840
11841
11844
11846
11847
11848
11849
11850
11851
11852
11853
11854
11855
11859
11860
11863
11865
11867
11868
11871
11874
11875
11876
11878
11883
11884
11886
11887
11889
11894
11895
11897
11898
11906
11908
11911
11912
11913
11914
11915
11918
11919
11920
11922
11923
11924
11926
11927
11928
11929
11930
11931
11933
11934
11936
11941
11942
11943
11944
11948
11950
11952
11954
11957
11958
11961
11964
11965
11966
11967
11968
11971
11972
11974
11975
11977
11978
11979
11980
11981
11987
11990
11991
11992
11993
11995
11998
11999
12004
12006
12008
12010
12011
12014
12016
12017
12019
12020
12021
12022
12023
12026
12028
12031
12033
12034
12036
12037
12040
12041
12044
12045
12046
12049
12050
12056
12057
12059
12060
12061
12062
12066
12067
12068
12069
12070
12071
12072
12073
12075
12076
12077
12080
12081
12085
12086
12087
12090
12092
12093
12094
12096
12099
12100
12101
12102
12104
12105
12107
12112
12113
12115
12116
12117
12119
12121
12123
12124
12125
12126
12127
12129
12130
12131
12132
12134
12136
12140
12141
12142
12144
12145
12148
12149
12150
12151
12152
12153
12154
12156
12160
12161
12163
12164
12165
12168
12170
12172
12175
12176
12179
12180
12181
12185
12186
12193
12194
12196
12197
12198
12199
12200
12204
12206
12207
12208
12210
12214
12215
12216
12217
12220
12222
12223
12227
12228
12231
12232
12234
12239
12243
12244
12245
12246
12248
12249
12250
12253
12262
12263
12264
12265
12270
12276
12277
12280
12281
12282
12290
12291
12292
12296
12298
12301
12302
12303
12304
12307
12310
12311
12314
12315
12317
12318
12320
12321
12323
12325
12326
12327
12328
12329
12331
12334
12335
12336
12337
12338
12339
12340
12341
12342
12343
12346
12349
12350
12351
12352
12354
12355
12356
12357
12359
12360
12361
12362
12364
12366
12370
12372
12376
12377
12378
12379
12380
12383
12386
12387
12390
12391
12392
12395
12396
12397
12398
12399
12400
12402
12405
12406
12408
12409
12413
12414
12416
12419
12421
12422
12424
12426
12428
12429
12430
12432
12433
12434
12436
12437
12439
12441
12443
12444
12446
12447
12448
12449
12450
12453
12455
12456
12457
12458
12460
12461
12462
12464
12467
12469
12470
12471
12472
12474
12479
12481
12483
12484
12485
12486
12487
12488
12491
12492
12493
12495
12498
12502
12504
12505
12507
12508
12509
12511
12513
12516
12520
12521
12527
12528
12529
12530
12532
12533
12535
12536
12538
12539
12541
12548
12549
12552
12554
12555
12556
12557
12559
12560
12562
12566
12570
12571
12572
12573
12574
12576
12580
12582
12584
12589
12590
12592
12595
12598
12599
12602
12603
12606
12608
12609
12611
12612
12613
12615
12616
12619
12620
12621
12622
12624
12628
12630
12631
12632
12634
12635
12638
12639
12642
12644
12646
12648
12649
12650
12652
12654
12655
12656
12657
12659
12660
12661
12662
12663
12666
12667
12670
12671
12672
12673
12675
12677
12681
12683
12684
12685
12686
12687
12688
12691
12692
12693
12694
12695
12696
12700
12701
12703
12704
12706
12707
12709
12710
12711
12716
12718
12721
12722
12724
12725
12726
12728
12729
12730
12731
12732
12733
12734
12737
12739
12743
12744
12745
12747
12748
12749
12750
12754
12756
12757
12759
12760
12761
12762
12764
12767
12769
12771
12773
12774
12775
12776
12778
12780
12781
12782
12784
12785
12786
12787
12788
12789
12792
12795
12797
12798
12799
12802
12804
12806
12807
12808
12810
12812
12813
12814
12815
12818
12819
12823
12825
12828
12829
12830
12831
12835
12836
12838
12840
12844
12845
12846
12848
12851
12852
12854
12857
12858
12859
12860
12861
12863
12864
12866
12868
12869
12870
12871
12874
12875
12876
12877
12878
12879
12880
12881
12882
12883
12884
12885
12887
12890
12899
12900
12902
12903
12904
12908
12909
12911
12912
12914
12915
12917
12918
12919
12920
12922
12924
12926
12927
12928
12929
12930
12931
12932
12933
12936
12937
12938
12939
12942
12943
12945
12947
12948
12950
12951
12952
12954
12959
12960
12962
12963
12965
12967
12970
12978
12979
12980
12982
12983
12984
12985
12986
12987
12993
12995
12996
12997
12998
12999
13000
13003
13006
13007
13009
13012
13013
13015
13016
13017
13019
13020
13022
13023
13026
13027
13028
13031
13033
13035
13036
13037
13038
13040
13045
13046
13048
13049
13052
13053
13054
13055
13059
13060
13062
13063
13065
13066
13067
13069
13070
13072
13074
13075
13076
13082
13083
13084
13086
13087
13089
13090
13092
13094
13096
13097
13101
13102
13103
13104
13106
13107
13108
13109
13114
13115
13117
13118
13121
13124
13125
13127
13129
13130
13131
13132
13134
13136
13137
13139
13142
13143
13144
13145
13147
13149
13150
13151
13152
13158
13160
13162
13164
13166
13167
13171
13172
13173
13175
13177
13178
13179
13180
13184
13188
13189
13190
13192
13197
13200
13201
13202
13203
13204
13207
13210
13211
13214
13215
13216
13217
13219
13224
13225
13226
13227
13228
13229
13230
13232
13233
13235
13237
13239
13240
13241
13242
13245
13246
13247
13248
13250
13251
13255
13257
13258
13260
13261
13262
13263
13265
13266
13267
13268
13271
13274
13275
13276
13277
13280
13281
13282
13283
13284
13285
13286
13287
13289
13291
13292
13293
13294
13295
13296
13297
13298
13299
13300
13301
13303
13304
13305
13306
13308
13309
13310
13312
13313
13317
13318
13319
13320
13323
13327
13328
13332
13334
13336
13337
13341
13342
13343
13345
13347
13349
13350
13351
13353
13355
13357
13358
13359
13360
13362
13363
13366
13367
13368
13370
13374
13377
13379
13381
13382
13383
13384
13385
13388
13389
13390
13393
13394
13396
13397
13399
13400
13401
13403
13404
13405
13406
13407
13410
13411
13412
13413
13415
13418
13420
13421
13424
13425
13427
13428
13429
13430
13432
13433
13434
13437
13441
13442
13443
13444
13445
13448
13450
13451
13452
13455
13458
13460
13462
13466
13468
13469
13473
13474
13475
13476
13477
13479
13481
13482
13483
13486
13487
13491
13498
13500
13502
13503
13504
13505
13507
13508
13509
13510
13511
13512
13513
13517
13519
13520
13521
13523
13524
13525
13526
13527
13528
13529
13532
13534
13535
13538
13540
13541
13542
13543
13545
13546
13547
13549
13551
13552
13556
13557
13561
13562
13563
13564
13565
13567
13568
13572
13575
13578
13579
13582
13583
13584
13586
13589
13590
13591
13592
13595
13596
13597
13598
13600
13604
13605
13607
13611
13612
13613
13614
13615
13616
13622
13624
13625
13627
13628
13631
13632
13636
13638
13639
13640
13641
13642
13643
13644
13646
13647
13649
13650
13651
13654
13659
13665
13667
13668
13669
13673
13675
13679
13680
13681
13682
13684
13685
13686
13687
13688
13690
13692
13694
13697
13698
13699
13700
13702
13703
13704
13707
13712
13714
13716
13717
13724
13727
13731
13732
13733
13736
13737
13738
13740
13742
13743
13744
13745
13746
13747
13748
13749
13752
13753
13754
13755
13756
13757
13759
13761
13762
13763
13765
13766
13767
13769
13770
13771
13774
13775
13778
13779
13780
13781
13790
13791
13793
13797
13798
13799
13804
13805
13806
13808
13813
13816
13817
13818
13819
13821
13822
13823
13825
13827
13828
13831
13832
13835
13836
13837
13838
13839
13840
13841
13842
13845
13846
13850
13851
13852
13853
13854
13856
13857
13859
13860
13861
13862
13864
13866
13867
13870
13871
13873
13878
13880
13881
13882
13883
13887
13889
13890
13894
13895
13896
13897
13898
13899
13901
13904
13906
13907
13908
13909
13912
13913
13914
13915
13916
13918
13919
13920
13921
13923
13925
13926
13927
13929
13930
13931
13932
13941
13942
13944
13945
13946
13947
13953
13954
13955
13956
13958
13960
13961
13963
13964
13965
13966
13969
13971
13973
13977
13978
13979
13980
13981
13982
13983
13987
13988
13989
13991
13992
13993
13996
13997
14000
14003
14004
14006
14009
14011
14014
14015
14019
14020
14021
14023
14026
14028
14029
14030
14033
14034
14036
14039
14040
14042
14043
14051
14055
14059
14061
14063
14067
14070
14071
14072
14073
14074
14076
14078
14079
14080
14083
14084
14085
14086
14087
14089
14092
14094
14095
14096
14101
14102
14109
14110
14111
14115
14116
14117
14118
14120
14121
14124
14126
14127
14128
14131
14132
14133
14136
14137
14138
14142
14145
14146
14148
14149
14150
14152
14155
14159
14160
14163
14164
14165
14167
14168
14171
14172
14173
14174
14175
14176
14178
14179
14180
14182
14183
14184
14185
14188
14190
14192
14194
14197
14198
14200
14201
14202
14203
14205
14206
14210
14211
14212
14213
14215
14216
14217
14219
14222
14224
14225
14228
14229
14232
14233
14235
14238
14239
14242
14244
14245
14248
14249
14250
14252
14254
14255
14256
14259
14260
14262
14263
14264
14265
14266
14267
14268
14272
14273
14274
14276
14277
14278
14279
14281
14282
14283
14284
14285
14286
14287
14288
14289
14291
14292
14293
14295
14296
14297
14298
14299
14300
14301
14302
14303
14309
14310
14311
14314
14317
14318
14319
14321
14322
14324
14325
14327
14328
14329
14331
14332
14333
14337
14339
14340
14341
14344
14345
14346
14349
14352
14354
14355
14356
14358
14362
14363
14364
14365
14367
14368
14369
14370
14371
14372
14373
14375
14379
14381
14383
14384
14385
14386
14387
14390
14391
14393
14394
14395
14396
14397
14398
14399
14400
14401
14403
14404
14405
14406
14407
14409
14410
14414
14415
14418
14419
14421
14422
14423
14424
14425
14426
14427
14428
14429
14430
14431
14432
14434
14435
14436
14437
14438
14439
14440
14441
14442
14443
14444
14445
14446
14447
14448
14449
14451
14456
14460
14461
14462
14463
14465
14466
14467
14468
14469
14470
14471
14473
14474
14476
14477
14478
14479
14480
14481
14482
14483
14484
14485
14488
14490
14493
14494
14496
14500
14503
14507
14508
14509
14511
14513
14514
14517
14519
14520
14521
14522
14523
14524
14525
14526
14528
14530
14531
14532
14533
14534
14535
14537
14538
14539
14540
14542
14546
14548
14552
14555
14558
14559
14562
14563
14564
14566
14569
14570
14571
14573
14574
14575
14577
14580
14582
14583
14585
14586
14588
14592
14597
14601
14602
14603
14605
14607
14608
14609
14610
14611
14612
14617
14618
14620
14622
14623
14624
14625
14628
14630
14633
14635
14637
14638
14639
14640
14645
14647
14648
14650
14652
14654
14656
14659
14660
14663
14666
14667
14668
14670
14671
14673
14674
14677
14678
14679
14680
14682
14683
14684
14685
14688
14690
14691
14692
14693
14695
14696
14697
14699
14701
14702
14703
14706
14707
14708
14710
14713
14714
14716
14719
14720
14721
14722
14724
14726
14727
14728
14729
14730
14731
14732
14733
14735
14737
14738
14739
14740
14741
14749
14750
14751
14752
14753
14755
14756
14757
14759
14761
14762
14766
14767
14768
14769
14770
14772
14775
14777
14780
14781
14784
14785
14790
14791
14792
14793
14794
14795
14797
14798
14799
14801
14802
14803
14805
14806
14807
14809
14810
14811
14812
14814
14815
14818
14820
14821
14822
14824
14827
14828
14830
14833
14834
14835
14841
14843
14849
14850
14852
14854
14857
14858
14859
14861
14862
14863
14865
14867
14869
14871
14875
14881
14882
14888
14889
14892
14893
14895
14897
14898
14900
14902
14903
14904
14905
14906
14907
14908
14909
14910
14911
14912
14913
14914
14915
14916
14917
14918
14920
14925
14927
14929
14932
14933
14934
14936
14937
14938
14939
14940
14941
14942
14944
14945
14946
14950
14951
14952
14956
14957
14958
14960
14961
14962
14963
14967
14968
14970
14972
14973
14974
14975
14977
14980
14981
14982
14984
14985
14987
14988
14991
14992
14995
14997
14998
14999
15001
15002
15003
15004
15005
15008
15009
15012
15014
15015
15016
15019
15020
15022
15023
15024
15026
15029
15032
15035
15036
15037
15038
15040
15041
15043
15044
15046
15047
15048
15050
15053
15054
15055
15056
15057
15059
15061
15062
15064
15066
15067
15068
15069
15072
15073
15075
15076
15080
15081
15082
15083
15085
15087
15089
15095
15097
15100
15101
15103
15104
15107
15108
15110
15113
15116
15117
15119
15122
15126
15127
15129
15132
15133
15134
15135
15138
15139
15140
15141
15142
15143
15144
15145
15147
15148
15150
15151
15152
15153
15155
15156
15159
15160
15163
15164
15165
15167
15168
15169
15172
15174
15175
15178
15181
15183
15184
15186
15187
15188
15189
15190
15192
15194
15195
15197
15198
15199
15200
15201
15204
15205
15207
15208
15212
15213
15217
15219
15220
15222
15223
15224
15225
15226
15227
15229
15230
15231
15232
15234
15236
15237
15238
15239
15245
15246
15247
15249
15250
15252
15256
15257
15260
15263
15264
15266
15270
15271
15273
15274
15276
15279
15283
15284
15289
15292
15295
15296
15299
15301
15303
15304
15305
15307
15314
15319
15320
15322
15324
15326
15327
15328
15330
15332
15334
15335
15336
15337
15338
15339
15340
15341
15343
15345
15346
15348
15349
15355
15356
15357
15361
15363
15364
15368
15369
15371
15372
15374
15377
15384
15385
15386
15387
15393
15396
15405
15407
15408
15409
15410
15411
15413
15415
15417
15419
15420
15423
15424
15427
15429
15430
15437
15438
15439
15440
15441
15443
15445
15448
15451
15453
15454
15455
15458
15459
15461
15464
15465
15466
15467
15469
15471
15472
15473
15474
15475
15477
15478
15483
15485
15486
15487
15488
15489
15491
15493
15494
15497
15498
15499
15501
15503
15504
15505
15506
15507
15508
15509
15511
15515
15516
15517
15518
15519
15521
15523
15526
15527
15529
15530
15534
15536
15541
15544
15545
15548
15552
15554
15559
15562
15563
15564
15565
15566
15567
15569
15572
15573
15575
15576
15577
15581
15582
15584
15587
15588
15589
15591
15592
15593
15595
15596
15599
15601
15602
15605
15606
15607
15608
15610
15612
15613
15614
15616
15617
15618
15619
15620
15621
15622
15625
15627
15629
15630
15631
15632
15633
15634
15636
15637
15639
15641
15642
15643
15644
15646
15647
15648
15649
15651
15654
15655
15656
15659
15662
15663
15664
15665
15666
15669
15670
15673
15674
15676
15677
15678
15679
15682
15684
15685
15686
15689
15692
15695
15696
15697
15698
15699
15702
15703
15705
15706
15707
15709
15711
15713
15714
15715
15717
15718
15720
15721
15722
15726
15729
15730
15733
15734
15739
15740
15742
15744
15746
15748
15750
15752
15753
15756
15758
15759
15760
15761
15763
15764
15765
15766
15767
15768
15769
15771
15772
15774
15775
15776
15778
15784
15785
15788
15790
15793
15795
15798
15799
15800
15801
15802
15803
15804
15805
15806
15808
15809
15811
15812
15816
15817
15818
15819
15823
15824
15825
15826
15828
15829
15830
15831
15832
15833
15834
15835
15837
15839
15840
15841
15843
15844
15845
15846
15849
15851
15853
15856
15858
15861
15862
15863
15864
15865
15866
15867
15868
15870
15872
15874
15877
15878
15880
15882
15883
15884
15885
15890
15891
15892
15893
15895
15896
15897
15898
15899
15901
15902
15903
15905
15906
15907
15908
15913
15917
15918
15919
15921
15922
15923
15924
15927
15929
15932
15933
15934
15935
15936
15937
15939
15943
15945
15947
15948
15949
15950
15951
15952
15953
15954
15955
15957
15958
15959
15963
15965
15968
15971
15972
15975
15978
15979
15981
15982
15986
15987
15990
15992
15994
15995
15998
16000
16003
16004
16006
16007
16010
16011
16012
16013
16014
16015
16017
16018
16019
16020
16021
16022
16024
16025
16028
16029
16033
16034
16035
16036
16037
16038
16039
16040
16041
16042
16043
16044
16046
16047
16050
16052
16053
16055
16056
16057
16058
16059
16060
16061
16063
16065
16068
16070
16071
16072
16075
16076
16077
16078
16079
16081
16083
16084
16086
16088
16090
16091
16092
16093
16095
16096
16097
16099
16100
16101
16102
16103
16105
16106
16108
16109
16111
16114
16115
16120
16121
16122
16123
16125
16127
16128
16129
16131
16133
16139
16141
16143
16144
16145
16147
16149
16150
16151
16152
16153
16155
16156
16160
16162
16164
16166
16167
16170
16171
16172
16173
16175
16176
16177
16180
16183
16184
16187
16188
16189
16190
16191
16192
16194
16196
16199
16200
16201
16202
16205
16206
16207
16209
16210
16211
16212
16215
16216
16217
16218
16219
16221
16222
16223
16225
16227
16228
16231
16235
16236
16237
16239
16240
16246
16248
16251
16254
16255
16257
16259
16260
16262
16267
16268
16269
16271
16272
16277
16279
16280
16282
16283
16284
16286
16287
16291
16293
16295
16296
16298
16302
16303
16304
16305
16306
16308
16309
16310
16311
16314
16315
16316
16318
16320
16324
16329
16332
16334
16336
16337
16340
16342
16344
16345
16346
16347
16348
16353
16354
16355
16360
16361
16364
16366
16368
16369
16370
16371
16372
16373
16374
16377
16378
16380
16381
16382
16384
16385
16386
16387
16388
16393
16394
16395
16396
16397
16398
16399
16400
16401
16403
16405
16406
16407
16409
16411
16412
16414
16415
16416
16417
16418
16419
16421
16422
16423
16424
16425
16428
16429
16431
16432
16433
16434
16435
16436
16438
16440
16441
16445
16446
16447
16448
16452
16453
16455
16456
16457
16459
16460
16461
16464
16466
16468
16471
16472
16474
16476
16477
16478
16479
16481
16484
16485
16490
16492
16495
16496
16497
16498
16502
16504
16507
16509
16510
16511
16512
16515
16517
16518
16519
16521
16522
16525
16527
16528
16529
16530
16532
16533
16535
16536
16537
16538
16540
16541
16542
16543
16544
16545
16547
16548
16549
16550
16552
16553
16559
16561
16563
16566
16570
16572
16573
16575
16578
16580
16581
16583
16584
16586
16587
16589
16590
16591
16598
16600
16601
16603
16605
16606
16608
16609
16611
16613
16614
16615
16618
16619
16620
16621
16622
16624
16627
16629
16631
16632
16633
16635
16636
16637
16640
16641
16643
16644
16645
16648
16649
16650
16652
16653
16655
16660
16662
16664
16669
16670
16671
16672
16673
16674
16676
16677
16682
16684
16685
16686
16687
16688
16689
16692
16694
16697
16699
16701
16702
16703
16706
16709
16713
16715
16719
16721
16722
16723
16724
16727
16728
16729
16730
16731
16737
16738
16739
16740
16741
16742
16745
16746
16747
16748
16749
16750
16751
16756
16757
16759
16760
16761
16762
16764
16765
16770
16772
16774
16776
16777
16780
16781
16782
16783
16786
16788
16789
16790
16794
16795
16797
16798
16800
16803
16804
16806
16811
16813
16814
16818
16819
16820
16821
16824
16825
16826
16827
16828
16829
16830
16835
16836
16838
16839
16840
16841
16843
16844
16845
16846
16849
16850
16852
16854
16855
16856
16857
16858
16859
16861
16862
16864
16865
16866
16871
16872
16873
16874
16876
16877
16878
16879
16880
16881
16883
16884
16887
16888
16890
16891
16893
16897
16898
16900
16901
16904
16905
16907
16910
16911
16915
16916
16917
16921
16923
16926
16927
16929
16930
16931
16932
16933
16936
16937
16938
16940
16941
16944
16945
16949
16950
16952
16953
16956
16957
16958
16959
16960
16961
16962
16963
16965
16966
16967
16968
16970
16971
16972
16974
16975
16979
16980
16981
16982
16983
16984
16987
16988
16990
16992
16993
16994
16995
17001
17002
17003
17004
17008
17009
17010
17011
17012
17013
17014
17016
17017
17018
17020
17022
17025
17026
17027
17029
17031
17033
17034
17036
17038
17040
17041
17044
17045
17047
17049
17050
17051
17052
17054
17057
17058
17059
17062
17063
17064
17066
17067
17070
17071
17076
17077
17078
17079
17080
17081
17082
17084
17085
17086
17088
17089
17091
17093
17094
17095
17096
17098
17100
17101
17103
17105
17106
17107
17108
17109
17110
17111
17113
17114
17115
17119
17120
17121
17122
17123
17124
17126
17127
17128
17131
17132
17135
17136
17137
17138
17141
17142
17144
17145
17146
17147
17150
17153
17155
17157
17158
17159
17160
17161
17164
17166
17167
17168
17169
17171
17175
17176
17177
17178
17179
17180
17181
17182
17184
17185
17186
17187
17188
17189
17190
17192
17193
17195
17196
17198
17200
17201
17202
17203
17205
17206
17207
17208
17209
17210
17211
17218
17219
17221
17223
17225
17228
17229
17231
17233
17234
17236
17237
17238
17239
17240
17241
17242
17243
17244
17245
17246
17247
17248
17249
17251
17255
17257
17259
17260
17261
17263
17264
17265
17266
17267
17270
17271
17273
17275
17277
17279
17281
17282
17283
17286
17289
17290
17291
17293
17296
17297
17300
17301
17303
17304
17308
17309
17312
17313
17314
17315
17316
17317
17319
17320
17321
17322
17323
17325
17329
17330
17331
17332
17333
17334
17335
17337
17338
17340
17343
17345
17346
17347
17348
17349
17352
17353
17354
17355
17359
17360
17361
17362
17363
17364
17366
17369
17370
17373
17374
17375
17378
17382
17384
17386
17389
17390
17391
17392
17393
17394
17397
17398
17403
17404
17405
17406
17408
17409
17411
17414
17415
17416
17417
17420
17422
17423
17425
17426
17427
17428
17429
17430
17431
17433
17434
17436
17439
17440
17443
17445
17446
17447
17448
17451
17452
17455
17457
17458
17459
17461
17462
17464
17465
17467
17468
17471
17475
17476
17479
17480
17481
17482
17483
17484
17487
17489
17490
17491
17492
17493
17498
17499
17501
17502
17503
17504
17505
17506
17507
17509
17510
17511
17512
17513
17514
17515
17516
17517
17518
17527
17529
17531
17532
17536
17538
17539
17540
17541
17542
17543
17549
17551
17552
17553
17554
17556
17557
17559
17560
17564
17567
17568
17569
17572
17573
17574
17575
17579
17581
17582
17584
17585
17586
17587
17588
17592
17595
17596
17597
17598
17599
17600
17601
17602
17605
17606
17607
17608
17609
17610
17611
17612
17613
17615
17616
17618
17619
17622
17624
17625
17627
17630
17633
17634
17635
17637
17638
17639
17640
17641
17643
17644
17645
17648
17652
17653
17654
17655
17657
17659
17660
17661
17663
17666
17667
17668
17669
17670
17671
17673
17679
17681
17682
17684
17685
17687
17689
17691
17692
17694
17695
17696
17697
17699
17703
17704
17706
17709
17710
17712
17713
17714
17718
17720
17722
17724
17725
17726
17727
17728
17729
17730
17731
17734
17738
17741
17742
17743
17744
17745
17747
17749
17750
17751
17753
17754
17755
17756
17758
17759
17760
17761
17762
17765
17767
17769
17773
17775
17776
17777
17780
17782
17783
17784
17785
17788
17790
17791
17792
17794
17796
17797
17804
17805
17810
17812
17813
17814
17818
17821
17822
17824
17829
17830
17832
17834
17835
17836
17839
17840
17844
17846
17848
17850
17851
17852
17853
17854
17856
17859
17861
17864
17867
17868
17869
17870
17871
17872
17874
17876
17878
17880
17881
17882
17884
17885
17886
17888
17890
17891
17892
17893
17895
17899
17900
17901
17904
17906
17910
17911
17912
17914
17915
17918
17919
17923
17925
17927
17928
17929
17930
17937
17941
17942
17943
17945
17946
17948
17949
17950
17951
17954
17955
17957
17958
17960
17962
17963
17964
17965
17966
17967
17968
17970
17971
17972
17974
17977
17978
17979
17984
17989
17990
17994
17995
17998
17999
18001
18002
18004
18005
18006
18007
18010
18011
18012
18015
18016
18017
18018
18019
18020
18021
18022
18024
18025
18026
18027
18028
18029
18030
18031
18032
18035
18036
18037
18038
18039
18043
18045
18046
18047
18050
18051
18052
18055
18056
18057
18058
18059
18060
18061
18063
18067
18069
18070
18071
18072
18073
18074
18076
18077
18078
18079
18081
18085
18086
18087
18088
18089
18090
18091
18092
18093
18094
18095
18099
18100
18101
18102
18105
18106
18108
18109
18111
18113
18115
18117
18120
18121
18123
18125
18127
18128
18130
18131
18134
18135
18138
18143
18144
18146
18148
18149
18151
18152
18153
18154
18157
18158
18159
18160
18161
18162
18163
18165
18166
18167
18169
18172
18173
18175
18178
18179
18182
18184
18186
18187
18189
18191
18193
18194
18195
18196
18197
18201
18203
18204
18205
18206
18207
18208
18209
18210
18212
18213
18214
18216
18218
18219
18221
18222
18223
18224
18226
18228
18229
18230
18232
18233
18235
18236
18237
18238
18239
18240
18241
18242
18243
18244
18245
18247
18248
18249
18251
18252
18256
18257
18258
18260
18261
18264
18265
18266
18267
18270
18271
18273
18274
18275
18276
18277
18278
18279
18281
18283
18287
18288
18289
18292
18294
18296
18302
18303
18305
18306
18308
18310
18312
18313
18314
18316
18318
18319
18320
18321
18328
18329
18331
18332
18333
18334
18335
18336
18338
18340
18342
18343
18344
18346
18347
18348
18350
18352
18355
18358
18359
18360
18361
18362
18363
18364
18367
18371
18372
18373
18374
18375
18377
18379
18380
18381
18383
18384
18385
18386
18387
18391
18392
18393
18395
18397
18401
18402
18403
18404
18405
18406
18409
18410
18411
18412
18414
18415
18417
18418
18419
18422
18423
18424
18426
18429
18431
18434
18435
18436
18439
18442
18443
18444
18445
18446
18452
18453
18458
18459
18460
18461
18465
18471
18472
18473
18474
18476
18477
18478
18479
18481
18484
18487
18489
18490
18491
18492
18493
18494
18495
18496
18497
18498
18501
18502
18503
18504
18506
18507
18508
18510
18511
18512
18513
18514
18516
18517
18518
18519
18521
18522
18523
18525
18528
18529
18531
18532
18535
18536
18537
18539
18540
18541
18546
18547
18549
18550
18551
18552
18553
18556
18559
18560
18561
18564
18568
18569
18571
18572
18573
18576
18577
18578
18579
18581
18583
18585
18587
18590
18593
18594
18595
18596
18597
18599
18600
18601
18602
18604
18605
18607
18608
18609
18610
18612
18615
18617
18619
18620
18621
18623
18624
18625
18629
18630
18631
18632
18633
18634
18635
18636
18638
18649
18650
18651
18652
18656
18659
18660
18661
18662
18665
18667
18668
18669
18670
18672
18673
18675
18676
18680
18681
18682
18685
18687
18688
18689
18690
18691
18695
18696
18698
18700
18701
18702
18703
18707
18710
18711
18714
18717
18718
18720
18722
18726
18727
18728
18729
18731
18733
18736
18738
18739
18741
18742
18743
18746
18747
18748
18749
18750
18752
18754
18756
18760
18761
18762
18763
18764
18768
18769
18770
18771
18772
18773
18775
18777
18778
18779
18780
18781
18784
18785
18787
18788
18791
18792
18793
18795
18796
18802
18804
18805
18807
18808
18809
18810
18812
18813
18814
18817
18819
18820
18822
18824
18825
18826
18827
18828
18829
18831
18832
18833
18834
18835
18836
18840
18841
18842
18843
18846
18849
18850
18852
18853
18855
18856
18857
18859
18860
18863
18864
18866
18867
18868
18870
18873
18874
18875
18877
18878
18879
18881
18882
18883
18884
18887
18889
18890
18891
18894
18896
18899
18900
18904
18905
18906
18908
18909
18910
18912
18915
18917
18919
18920
18924
18925
18928
18934
18936
18937
18939
18940
18943
18945
18947
18951
18952
18956
18963
18965
18966
18967
18970
18972
18973
18978
18980
18981
18984
18986
18989
18990
18993
18995
18999
19000
19001
19002
19004
19007
19008
19010
19013
19017
19018
19020
19021
19023
19024
19026
19027
19028
19029
19033
19039
19040
19042
19044
19046
19047
19050
19051
19052
19053
19054
19055
19062
19064
19065
19066
19067
19068
19069
19070
19071
19073
19074
19076
19079
19080
19081
19082
19083
19085
19089
19093
19095
19096
19100
19102
19103
19105
19107
19108
19113
19114
19117
19120
19121
19122
19123
19124
19126
19129
19130
19131
19132
19133
19134
19140
19141
19142
19143
19144
19145
19147
19148
19149
19150
19151
19152
19153
19154
19155
19156
19158
19159
19160
19163
19164
19165
19166
19169
19170
19171
19172
19174
19175
19177
19179
19180
19183
19185
19186
19187
19190
19191
19192
19195
19196
19199
19200
19201
19202
19204
19205
19206
19207
19208
19209
19212
19216
19217
19219
19220
19221
19225
19226
19227
19228
19229
19230
19231
19234
19237
19238
19239
19241
19244
19247
19249
19250
19255
19257
19258
19259
19260
19262
19264
19266
19267
19269
19271
19274
19275
19277
19285
19287
19288
19289
19291
19292
19293
19294
19298
19299
19300
19307
19309
19310
19312
19314
19315
19316
19317
19318
19320
19321
19322
19325
19326
19327
19328
19329
19330
19335
19336
19342
19346
19350
19352
19353
19354
19355
19356
19357
19358
19359
19361
19363
19364
19365
19370
19371
19372
19373
19374
19375
19376
19378
19380
19381
19382
19384
19386
19388
19389
19390
19396
19401
19404
19405
19408
19411
19412
19413
19414
19415
19416
19418
19420
19422
19423
19424
19425
19426
19427
19428
19429
19430
19433
19436
19437
19439
19441
19442
19443
19444
19446
19452
19454
19460
19462
19465
19466
19467
19469
19470
19471
19475
19476
19477
19481
19482
19483
19485
19488
19490
19493
19494
19496
19497
19498
19499
19501
19502
19504
19508
19510
19511
19513
19515
19518
19519
19520
19521
19522
19524
19525
19527
19529
19530
19531
19533
19534
19535
19536
19538
19543
19547
19548
19551
19552
19553
19554
19555
19556
19558
19560
19561
19562
19563
19564
19565
19567
19568
19570
19572
19573
19574
19575
19576
19577
19578
19580
19582
19584
19585
19586
19587
19589
19590
19591
19592
19594
19596
19597
19598
19599
19602
19604
19605
19608
19611
19613
19617
19618
19620
19621
19622
19623
19624
19626
19627
19628
19630
19631
19633
19636
19637
19638
19641
19645
19647
19649
19652
19654
19656
19658
19659
19660
19663
19665
19666
19667
19668
19669
19670
19671
19672
19673
19675
19679
19681
19683
19686
19689
19690
19691
19693
19695
19696
19697
19698
19699
19705
19706
19707
19709
19710
19712
19714
19717
19719
19720
19721
19722
19725
19727
19728
19729
19731
19732
19733
19736
19738
19740
19741
19746
19747
19749
19751
19752
19755
19756
19758
19760
19761
19762
19763
19765
19766
19768
19769
19770
19771
19772
19774
19775
19776
19777
19778
19779
19781
19786
19788
19789
19793
19794
19795
19796
19797
19799
19801
19802
19804
19806
19807
19808
19809
19811
19812
19814
19815
19816
19817
19821
19822
19824
19825
19829
19830
19832
19834
19836
19838
19839
19843
19844
19845
19846
19849
19850
19851
19852
19853
19854
19855
19858
19859
19860
19861
19863
19864
19865
19866
19868
19870
19871
19872
19874
19875
19876
19877
19882
19884
19886
19887
19890
19892
19893
19894
19895
19896
19900
19901
19902
19904
19905
19906
19911
19913
19915
19917
19918
19919
19920
19922
19924
19925
19928
19929
19930
19931
19932
19933
19934
19935
19938
19939
19940
19941
19943
19944
19945
19947
19949
19950
19952
19954
19955
19964
19965
19967
19969
19971
19972
19974
19976
19978
19979
19981
19982
19983
19986
19991
19992
19993
19995
19997
19999
20003
20006
20008
20009
20010
20011
20013
20015
20016
20017
20019
20020
20022
20023
20024
20025
20026
20027
20028
20029
20033
20034
20035
20036
20037
20040
20042
20043
20048
20049
20051
20052
20054
20056
20057
20059
20061
20064
20067
20069
20070
20072
20074
20075
20076
20077
20078
20079
20080
20081
20082
20083
20086
20089
20091
20092
20094
20095
20096
20099
20100
20101
20104
20105
20108
20111
20112
20113
20114
20115
20117
20118
20119
20122
20123
20124
20125
20128
20129
20130
20132
20134
20135
20138
20140
20142
20143
20144
20147
20150
20151
20152
20153
20154
20161
20162
20163
20165
20167
20170
20172
20174
20177
20178
20179
20180
20182
20183
20184
20188
20191
20192
20194
20195
20196
20199
20202
20204
20205
20206
20207
20208
20209
20210
20212
20214
20215
20216
20217
20218
20219
20223
20224
20225
20228
20229
20230
20231
20232
20233
20236
20237
20238
20239
20242
20243
20244
20246
20247
20248
20249
20251
20254
20256
20257
20258
20259
20261
20262
20263
20264
20265
20267
20268
20270
20273
20278
20279
20280
20281
20282
20284
20285
20286
20287
20288
20289
20290
20292
20296
20297
20299
20300
20301
20302
20303
20310
20312
20313
20314
20318
20319
20320
20321
20322
20323
20325
20326
20327
20329
20331
20334
20337
20338
20339
20342
20345
20347
20348
20350
20351
20352
20353
20354
20355
20356
20360
20362
20363
20364
20366
20367
20372
20375
20376
20378
20379
20382
20384
20385
20388
20389
20391
20392
20394
20395
20397
20399
20401
20403
20405
20406
20407
20408
20409
20410
20412
20413
20414
20416
20418
20419
20420
20423
20424
20427
20428
20431
20433
20434
20435
20437
20438
20439
20440
20441
20442
20443
20444
20445
20446
20447
20448
20449
20451
20453
20455
20457
20458
20459
20460
20461
20462
20463
20464
20465
20466
20468
20469
20471
20474
20475
20476
20477
20478
20479
20481
20482
20484
20486
20487
20489
20490
20492
20493
20494
20495
20498
20502
20503
20506
20508
20509
20510
20514
20515
20516
20518
20519
20520
20523
20524
20526
20527
20529
20530
20531
20532
20535
20536
20537
20538
20539
20542
20544
20545
20548
20549
20551
20553
20554
20557
20559
20560
20561
20563
20565
20566
20567
20568
20569
20572
20573
20574
20576
20577
20579
20580
20581
20583
20584
20585
20587
20589
20593
20594
20596
20599
20601
20602
20603
20605
20606
20609
20610
20613
20614
20616
20617
20618
20620
20621
20624
20627
20628
20629
20630
20632
20633
20634
20635
20637
20639
20640
20641
20642
20644
20646
20647
20649
20651
20652
20653
20655
20656
20657
20658
20661
20662
20663
20666
20667
20669
20670
20675
20676
20677
20678
20681
20682
20683
20685
20687
20688
20691
20692
20693
20694
20696
20698
20701
20703
20704
20705
20707
20711
20712
20714
20717
20718
20720
20721
20722
20723
20724
20729
20730
20731
20732
20734
20735
20736
20738
20739
20742
20745
20747
20751
20755
20757
20758
20764
20765
20766
20767
20768
20769
20770
20772
20773
20774
20775
20776
20778
20780
20782
20784
20785
20787
20789
20790
20791
20792
20793
20795
20796
20797
20800
20801
20803
20808
20809
20810
20811
20812
20814
20815
20817
20820
20821
20822
20823
20824
20825
20827
20829
20830
20833
20835
20838
20839
20840
20841
20843
20845
20847
20848
20849
20850
20851
20854
20855
20856
20857
20859
20860
20861
20862
20864
20866
20867
20869
20874
20877
20879
20880
20881
20882
20887
20888
20889
20892
20894
20895
20899
20901
20902
20904
20905
20906
20907
20910
20911
20912
20917
20918
20919
20920
20922
20927
20928
20929
20930
20931
20932
20934
20935
20936
20941
20942
20944
20945
20946
20947
20948
20950
20951
20952
20955
20957
20958
20959
20962
20964
20965
20966
20967
20968
20970
20971
20972
20975
20976
20977
20978
20979
20980
20982
20984
20985
20986
20987
20988
20990
20992
20993
20994
20995
20997
20998
20999
21000
21001
21002
21005
21007
21008
21009
21015
21016
21017
21018
21019
21021
21025
21028
21033
21035
21036
21037
21038
21040
21041
21043
21044
21046
21047
21048
21049
21050
21055
21056
21057
21058
21060
21061
21062
21064
21067
21071
21072
21073
21074
21077
21082
21083
21084
21086
21087
21089
21091
21098
21099
21101
21102
21103
21105
21108
21109
21110
21111
21112
21114
21115
21116
21117
21118
21119
21120
21122
21123
21126
21127
21130
21131
21132
21134
21136
21138
21139
21140
21141
21142
21145
21147
21148
21153
21154
21156
21159
21160
21162
21164
21166
21169
21170
21172
21173
21175
21177
21178
21179
21181
21182
21184
21185
21186
21189
21194
21197
21199
21200
21204
21205
21207
21208
21210
21211
21215
21217
21219
21223
21232
21233
21236
21237
21238
21239
21240
21242
21243
21244
21245
21246
21247
21249
21251
21252
21253
21255
21256
21257
21258
21261
21263
21265
21266
21271
21272
21274
21275
21276
21277
21281
21282
21284
21286
21288
21290
21291
21297
21298
21299
21301
21303
21304
21307
21308
21309
21312
21313
21314
21315
21316
21317
21319
21320
21321
21322
21324
21325
21326
21327
21328
21329
21330
21332
21334
21336
21343
21344
21347
21348
21351
21352
21354
21355
21357
21360
21361
21362
21364
21366
21367
21370
21372
21375
21376
21377
21378
21379
21380
21382
21383
21384
21389
21393
21398
21399
21400
21401
21403
21404
21405
21407
21409
21410
21412
21413
21415
21419
21421
21422
21423
21424
21425
21426
21428
21429
21430
21431
21432
21436
21438
21439
21440
21441
21442
21443
21444
21446
21447
21448
21449
21451
21453
21454
21456
21457
21464
21465
21467
21468
21469
21470
21471
21475
21480
21482
21483
21484
21488
21489
21490
21491
21492
21494
21500
21502
21503
21505
21506
21512
21513
21514
21516
21517
21518
21519
21521
21522
21525
21526
21527
21529
21530
21532
21534
21535
21536
21539
21545
21548
21551
21555
21556
21558
21559
21562
21563
21565
21566
21567
21571
21572
21573
21576
21578
21580
21581
21582
21583
21587
21588
21590
21592
21593
21595
21596
21597
21598
21600
21602
21603
21605
21606
21608
21609
21610
21611
21613
21614
21616
21617
21619
21622
21623
21626
21627
21628
21629
21630
21631
21634
21635
21637
21638
21639
21642
21644
21646
21647
21648
21649
21650
21651
21652
21653
21656
21657
21658
21659
21661
21662
21663
21665
21667
21669
21670
21671
21674
21677
21681
21682
21683
21684
21686
21688
21689
21691
21694
21697
21698
21701
21702
21704
21705
21706
21707
21709
21712
21713
21714
21715
21716
21718
21719
21720
21722
21723
21724
21725
21727
21729
21731
21732
21733
21735
21736
21738
21739
21740
21743
21746
21747
21748
21750
21751
21753
21754
21755
21756
21757
21760
21762
21763
21766
21769
21771
21774
21776
21779
21780
21781
21782
21783
21785
21786
21787
21791
21792
21793
21796
21797
21798
21799
21802
21804
21806
21807
21809
21812
21814
21815
21816
21817
21820
21822
21823
21825
21826
21827
21828
21831
21834
21837
21840
21841
21847
21851
21852
21853
21860
21863
21864
21866
21869
21870
21871
21872
21873
21875
21876
21878
21879
21881
21885
21886
21887
21888
21890
21891
21892
21895
21897
21898
21901
21902
21906
21907
21908
21909
21911
21912
21913
21914
21917
21919
21921
21925
21926
21927
21928
21929
21931
21932
21934
21936
21938
21940
21943
21944
21945
21952
21954
21955
21961
21962
21965
21966
21967
21968
21971
21972
21973
21975
21976
21978
21983
21985
21988
21989
21990
21991
21992
21995
21997
21999
22005
22006
22008
22011
22012
22013
22014
22015
22016
22020
22023
22024
22027
22030
22031
22032
22034
22036
22038
22039
22043
22045
22048
22049
22050
22053
22054
22055
22057
22058
22059
22061
22062
22063
22064
22067
22070
22073
22074
22076
22078
22079
22080
22081
22082
22083
22086
22088
22089
22090
22094
22097
22098
22099
22100
22101
22104
22105
22106
22107
22109
22110
22111
22112
22113
22114
22115
22116
22117
22121
22125
22127
22128
22129
22130
22133
22134
22136
22138
22139
22143
22144
22148
22152
22156
22158
22160
22161
22162
22163
22166
22167
22168
22170
22173
22175
22176
22177
22179
22180
22183
22187
22188
22189
22193
22195
22196
22197
22199
22200
22201
22203
22204
22206
22207
22209
22211
22216
22218
22219
22221
22224
22227
22228
22231
22233
22234
22237
22238
22241
22244
22245
22246
22249
22252
22255
22256
22257
22258
22260
22264
22265
22268
22269
22270
22272
22274
22275
22276
22278
22279
22283
22286
22288
22291
22293
22294
22295
22296
22297
22298
22301
22305
22306
22309
22310
22311
22312
22313
22314
22315
22316
22318
22319
22320
22321
22322
22323
22324
22327
22329
22331
22332
22334
22335
22336
22337
22340
22341
22342
22345
22346
22351
22353
22355
22356
22358
22359
22360
22361
22363
22364
22365
22367
22369
22370
22371
22373
22374
22376
22377
22378
22379
22382
22384
22386
22387
22388
22389
22394
22395
22396
22398
22399
22400
22401
22405
22411
22413
22415
22418
22421
22424
22425
22426
22427
22428
22430
22431
22432
22436
22437
22442
22443
22446
22450
22451
22452
22455
22458
22459
22461
22463
22465
22468
22473
22475
22476
22477
22478
22483
22487
22490
22493
22496
22499
22501
22503
22508
22509
22511
22513
22514
22515
22516
22517
22519
22521
22522
22523
22525
22527
22528
22531
22532
22533
22537
22538
22539
22540
22541
22542
22544
22546
22548
22549
22550
22551
22552
22555
22556
22557
22558
22560
22563
22564
22565
22566
22567
22568
22569
22570
22571
22572
22574
22577
22579
22580
22581
22582
22583
22584
22585
22587
22588
22590
22591
22593
22595
22596
22598
22599
22601
22602
22603
22604
22607
22611
22612
22613
22615
22616
22617
22621
22622
22625
22626
22627
22628
22630
22632
22633
22634
22635
22638
22642
22643
22644
22647
22648
22650
22651
22655
22660
22661
22662
22663
22664
22665
22668
22669
22671
22672
22674
22675
22678
22680
22682
22683
22684
22685
22688
22690
22692
22694
22697
22699
22700
22701
22703
22704
22705
22706
22708
22709
22711
22714
22719
22723
22724
22726
22727
22730
22732
22733
22735
22736
22738
22741
22742
22745
22749
22750
22751
22753
22754
22755
22756
22760
22761
22762
22765
22766
22767
22769
22772
22773
22775
22779
22780
22781
22782
22784
22785
22786
22787
22788
22789
22791
22793
22794
22797
22800
22804
22807
22808
22809
22810
22811
22813
22814
22816
22821
22822
22823
22824
22825
22826
22827
22828
22832
22835
22837
22839
22840
22843
22844
22845
22846
22848
22849
22851
22853
22856
22858
22860
22861
22864
22866
22868
22870
22872
22876
22877
22879
22880
22882
22883
22886
22887
22890
22891
