2499
2505
2506
2507
2509
2514
2516
2518
2520
2526
2527
2529
2531
2534
2537
2542
2543
2550
2551
2552
2558
2559
2563
2566
2568
2569
2570
2571
2576
2577
2579
2580
2581
2583
2584
2585
2586
2587
2593
2594
2596
2599
2602
2603
2608
2610
2612
2614
2615
2617
2621
2622
2623
2627
2637
2639
2641
2642
2644
2646
2650
2651
2653
2657
2661
2667
2670
2671
2677
2678
2679
2682
2686
2691
2693
2695
2699
2700
2704
2705
2714
2718
2721
2723
2731
2732
2733
2738
2739
2743
2744
2747
2748
2750
2751
2757
2759
2761
2762
2764
2770
2772
2773
2776
2779
2782
2783
2789
2791
2795
2805
2808
2809
2811
2813
2814
2816
2818
2822
2828
2835
2836
2838
2839
2842
2843
2845
2847
2848
2850
2852
2854
2858
2859
2860
2862
2864
2865
2866
2867
2870
2871
2872
2873
2874
2879
2881
2888
2891
2893
2894
2898
2899
2900
2902
2904
2906
2909
2910
2912
2915
2916
2918
2919
2924
2928
2930
2936
2939
2940
2942
2945
2946
2948
2952
2955
2957
2960
2962
2963
2966
2970
2974
2975
2976
2979
2980
2981
2982
2983
2984
2985
2990
2992
2993
2995
2998
2999
3000
3002
3005
3010
3011
3012
3016
3018
3021
3022
3026
3029
3031
3032
3034
3043
3044
3047
3051
3052
3053
3055
3060
3061
3062
3063
3066
3068
3074
3075
3080
3081
3082
3087
3088
3089
3093
3095
3101
3105
3108
3109
3110
3111
3112
3114
3118
3119
3122
3123
3134
3139
3141
3147
3148
3152
3153
3157
3158
3163
3169
3171
3172
3174
3178
3180
3182
3185
3186
3187
3190
3192
3193
3194
3196
3206
3208
3213
3216
3217
3220
3225
3229
3230
3231
3233
3235
3237
3238
3252
3257
3260
3263
3264
3267
3268
3269
3273
3276
3278
3279
3281
3285
3288
3290
3293
3295
3296
3298
3299
3300
3301
3302
3304
3306
3308
3310
3311
3312
3315
3316
3317
3320
3321
3322
3324
3325
3328
3330
3340
3341
3344
3345
3346
3347
3351
3355
3357
3359
3360
3365
3370
3378
3382
3383
3384
3393
3394
3395
3397
3400
3401
3405
3407
3408
3417
3420
3423
3424
3425
3426
3429
3433
3434
3435
3436
3437
3438
3441
3446
3447
3449
3450
3451
3453
3455
3456
3458
3460
3463
3466
3467
3468
3469
3472
3477
3478
3480
3482
3487
3489
3492
3494
3495
3496
3504
3506
3512
3514
3515
3517
3518
3522
3523
3528
3529
3536
3537
3543
3548
3553
3554
3556
3557
3558
3563
3564
3565
3566
3568
3571
3573
3574
3576
3577
3578
3579
3580
3581
3583
3584
3589
3593
3594
3595
3602
3603
3604
3607
3608
3609
3611
3621
3625
3626
3629
3632
3634
3636
3640
3642
3644
3648
3652
3653
3654
3656
3657
3663
3664
3666
3669
3675
3681
3682
3684
3685
3687
3688
3689
3692
3693
3695
3699
3700
3701
3705
3708
3713
3721
3723
3726
3728
3729
3734
3735
3736
3737
3739
3741
3743
3746
3747
3749
3751
3755
3758
3760
3761
3765
3768
3770
3777
3780
3782
3783
3785
3786
3787
3791
3793
3796
3799
3803
3804
3809
3810
3811
3812
3813
3817
3822
3823
3825
3827
3828
3830
3831
3832
3833
3836
3838
3839
3841
3842
3843
3844
3846
3849
3850
3851
3855
3857
3859
3860
3863
3865
3868
3869
3871
3873
3875
3876
3878
3881
3882
3884
3888
3889
3891
3892
3893
3894
3896
3897
3898
3901
3902
3903
3906
3907
3909
3910
3913
3915
3917
3919
3920
3922
3928
3931
3932
3933
3934
3936
3937
3938
3939
3942
3944
3945
3946
3952
3953
3957
3959
3962
3966
3967
3968
3971
3972
3976
3977
3980
3981
3984
3987
3988
3990
3993
3994
3996
3998
3999
4000
4001
4002
4015
4016
4019
4020
4021
4024
4025
4028
4029
4033
4034
4035
4038
4041
4042
4044
4045
4047
4048
4049
4051
4055
4057
4059
4066
4072
4074
4075
4078
4082
4083
4084
4085
4086
4088
4089
4090
4093
4098
4100
4102
4103
4104
4108
4113
4114
4115
4116
4117
4118
4119
4123
4124
4125
4126
4127
4129
4130
4131
4132
4135
4136
4138
4139
4140
4141
4142
4145
4147
4148
4150
4154
4156
4157
4159
4166
4168
4173
4180
4183
4187
4188
4191
4192
4194
4195
4197
4199
4200
4202
4204
4205
4206
4207
4212
4217
4218
4220
4222
4229
4230
4232
4234
4236
4237
4238
4239
4241
4243
4245
4246
4248
4249
4250
4251
4252
4253
4254
4260
4265
4267
4268
4272
4274
4277
4278
4283
4284
4286
4290
4292
4293
4301
4303
4304
4306
4308
4309
4312
4313
4317
4318
4321
4325
4330
4331
4332
4334
4338
4339
4346
4348
4351
4356
4358
4360
4363
4364
4368
4369
4373
4383
4385
4387
4388
4391
4393
4401
4405
4406
4408
4413
4421
4423
4428
4430
4431
4433
4434
4446
4447
4453
4478
4484
4487
4488
4489
4491
4501
4502
4503
4505
4507
4513
4518
4519
4521
4523
4528
4531
4532
4534
4537
4539
4542
4543
4545
4548
4550
4554
4557
4558
4560
4563
4567
4568
4576
4577
4579
4580
4581
4582
4586
4590
4591
4592
4596
4600
4606
4612
4613
4616
4617
4618
4621
4623
4627
4630
4631
4635
4636
4637
4638
4639
4640
4643
4644
4647
4648
4649
4655
4659
4662
4667
4673
4674
4675
4676
4678
4683
4686
4688
4697
4698
4700
4701
4704
4706
4708
4711
4712
4713
4715
4717
4720
4723
4726
4729
4733
4735
4736
4737
4741
4745
4746
4747
4749
4750
4751
4754
4759
4763
4764
4768
4769
4771
4772
4773
4774
4776
4778
4783
4790
4791
4792
4795
4798
4803
4806
4807
4808
4809
4811
4813
4815
4817
4820
4821
4822
4823
4825
4827
4828
4830
4832
4836
4837
4839
4840
4845
4846
4850
4852
4853
4855
4856
4857
4858
4863
4864
4865
4866
4873
4874
4876
4879
4880
4881
4891
4892
4894
4896
4897
4898
4900
4901
4902
4904
4905
4908
4909
4911
4912
4913
4914
4915
4916
4918
4919
4920
4922
4924
4929
4932
4934
4935
4937
4940
4941
4942
4943
4946
4950
4955
4956
4962
4964
4966
4967
4972
4973
4978
4979
4982
4985
4987
4990
4991
4992
4994
4997
4999
5001
5002
5004
5005
5010
5011
5012
5013
5017
5021
5026
5028
5030
5033
5035
5036
5037
5038
5041
5042
5043
5045
5050
5052
5054
5056
5062
5063
5064
5065
5067
5069
5070
5072
5077
5078
5079
5081
5083
5087
5093
5096
5100
5102
5106
5110
5112
5113
5114
5118
5119
5121
5122
5125
5134
5136
5139
5141
5144
5146
5147
5150
5153
5154
5158
5159
5160
5161
5163
5165
5166
5168
5169
5174
5175
5177
5178
5179
5180
5181
5185
5187
5192
5193
5195
5196
5198
5199
5200
5207
5213
5214
5218
5221
5223
5227
5229
5238
5242
5244
5246
5247
5248
5249
5253
5254
5259
5260
5265
5266
5267
5270
5271
5274
5275
5284
5286
5289
5291
5292
5293
5294
5300
5305
5312
5314
5315
5319
5320
5321
5324
5325
5329
5330
5331
5332
5339
5341
5342
5343
5347
5349
5350
5355
5356
5357
5358
5361
5364
5366
5367
5368
5371
5374
5377
5378
5379
5380
5381
5383
5384
5385
5386
5388
5392
5398
5399
5405
5406
5407
5408
5412
5413
5414
5415
5420
5422
5424
5435
5436
5438
5439
5440
5441
5442
5443
5444
5450
5453
5454
5455
5456
5458
5461
5464
5466
5474
5475
5483
5484
5489
5498
5499
5500
5504
5506
5511
5513
5521
5524
5531
5534
5539
5544
5547
5551
5553
5555
5556
5557
5564
5565
5567
5569
5570
5571
5572
5576
5577
5581
5583
5586
5589
5591
5594
5595
5597
5599
5602
5606
5607
5608
5611
5614
5616
5617
5620
5623
5627
5631
5633
5636
5639
5640
5641
5643
5649
5650
5651
5654
5655
5658
5661
5665
5667
5669
5678
5680
5681
5683
5684
5686
5689
5690
5691
5692
5696
5702
5703
5705
5708
5710
5711
5712
5714
5716
5718
5719
5721
5722
5723
5727
5728
5730
5732
5733
5736
5738
5740
5741
5746
5747
5751
5755
5756
5757
5758
5759
5765
5767
5769
5772
5774
5775
5777
5778
5780
5783
5784
5787
5789
5790
5794
5796
5797
5798
5799
5800
5809
5812
5813
5815
5817
5818
5819
5820
5825
5829
5830
5831
5832
5833
5834
5838
5840
5841
5842
5843
5846
5848
5850
5852
5853
5854
5856
5858
5860
5867
5868
5869
5870
5871
5872
5874
5878
5884
5885
5886
5888
5898
5900
5906
5908
5909
5911
5912
5916
5918
5921
5922
5923
5925
5927
5933
5935
5936
5937
5938
5940
5943
5945
5946
5947
5948
5954
5957
5958
5962
5963
5964
5967
5971
5972
5973
5977
5979
5980
5981
5982
5983
5987
5988
5990
5991
5992
5993
5994
5995
5996
5997
5998
6000
6003
6004
6005
6006
6007
6013
6014
6018
6019
6022
6025
6026
6027
6031
6032
6033
6037
6038
6039
6040
6042
6043
6044
6045
6046
6047
6048
6049
6050
6051
6052
6053
6054
6056
6065
6067
6068
6069
6070
6072
6078
6079
6080
6081
6083
6085
6086
6090
6091
6094
6096
6099
6101
6104
6105
6106
6111
6113
6115
6118
6119
6120
6121
6122
6127
6129
6131
6133
6135
6141
6142
6146
6147
6149
6150
6151
6158
6160
6162
6163
6164
6165
6166
6167
6168
6170
6171
6172
6177
6180
6181
6182
6187
6188
6190
6191
6194
6196
6200
6202
6206
6208
6210
6212
6213
6219
6220
6221
6222
6224
6229
6231
6232
6242
6243
6244
6245
6248
6254
6257
6258
6261
6262
6263
6264
6265
6266
6274
6275
6276
6278
6279
6281
6282
6283
6285
6286
6287
6289
6291
6295
6296
6298
6300
6302
6305
6309
6310
6314
6315
6316
6317
6318
6319
6320
6329
6332
6334
6336
6339
6340
6341
6344
6346
6350
6351
6352
6353
6354
6355
6356
6359
6360
6361
6363
6364
6372
6374
6376
6378
6379
6381
6385
6386
6388
6395
6396
6397
6405
6408
6409
6410
6413
6414
6415
6420
6421
6425
6427
6430
6431
6433
6438
6442
6443
6444
6445
6451
6452
6453
6454
6455
6456
6457
6459
6460
6464
6467
6468
6471
6473
6474
6477
6478
6479
6481
6484
6485
6488
6489
6491
6492
6493
6494
6495
6496
6497
6498
6501
6505
6508
6509
6511
6512
6513
6517
6519
6522
6523
6524
6525
6526
6529
6530
6531
6533
6534
6536
6537
6546
6550
6553
6554
6560
6561
6562
6567
6569
6580
6581
6582
6583
6585
6589
6591
6592
6593
6599
6602
6604
6605
6607
6608
6609
6611
6614
6616
6617
6618
6620
6621
6624
6625
6626
6628
6635
6637
6639
6647
6651
6653
6655
6656
6661
6662
6665
6666
6667
6668
6672
6678
6679
6683
6684
6685
6687
6689
6691
6693
6694
6697
6698
6699
6700
6708
6718
6722
6725
6726
6728
6730
6732
6733
6737
6740
6741
6742
6746
6747
6755
6756
6757
6759
6760
6761
6762
6765
6766
6767
6776
6777
6783
6786
6789
6790
6791
6793
6794
6795
6796
6797
6798
6799
6800
6806
6807
6811
6814
6815
6818
6821
6823
6825
6826
6827
6829
6832
6837
6840
6842
6849
6850
6851
6852
6853
6855
6860
6861
6865
6869
6871
6873
6875
6876
6877
6880
6881
6883
6891
6894
6897
6898
6899
6901
6902
6903
6904
6905
6906
6907
6908
6909
6910
6918
6919
6921
6924
6926
6927
6930
6931
6932
6933
6936
6937
6938
6940
6941
6942
6945
6947
6950
6953
6954
6957
6958
6959
6963
6964
6967
6968
6969
6972
6976
6977
6978
6979
6980
6983
6985
6986
6991
6992
6993
6994
6996
6999
7000
7002
7003
7006
7007
7009
7011
7012
7013
7015
7021
7022
7024
7026
7032
7034
7035
7040
7043
7047
7048
7049
7051
7056
7057
7058
7062
7063
7064
7069
7074
7078
7081
7083
7084
7088
7092
7095
7100
7107
7109
7111
7114
7116
7117
7118
7120
7122
7125
7126
7128
7131
7132
7134
7135
7137
7138
7140
7143
7148
7149
7150
7153
7154
7156
7160
7161
7162
7164
7165
7168
7169
7170
7171
7174
7175
7176
7178
7181
7182
7183
7187
7188
7193
7194
7195
7199
7200
7201
7202
7204
7205
7206
7208
7209
7216
7217
7218
7220
7223
7224
7225
7232
7233
7234
7235
7236
7237
7238
7241
7242
7245
7247
7248
7251
7252
7255
7256
7257
7258
7261
7263
7264
7267
7271
7273
7274
7277
7279
7280
7284
7286
7287
7291
7292
7295
7296
7297
7299
7300
7305
7306
7307
7313
7315
7318
7320
7321
7322
7324
7325
7330
7332
7333
7334
7335
7336
7337
7341
7342
7343
7345
7349
7351
7353
7354
7355
7357
7358
7359
7360
7361
7364
7365
7367
7369
7370
7373
7375
7376
7378
7384
7386
7387
7388
7393
7394
7395
7399
7401
7405
7407
7409
7410
7411
7413
7418
7419
7420
7421
7423
7424
7426
7428
7430
7435
7437
7438
7441
7445
7446
7448
7451
7452
7454
7458
7460
7461
7463
7464
7466
7472
7473
7476
7479
7480
7481
7483
7488
7489
7490
7491
7492
7493
7497
7500
7501
7505
7506
7507
7509
7510
7512
7515
7516
7518
7522
7528
7529
7531
7535
7536
7541
7542
7547
7551
7552
7556
7557
7559
7566
7568
7575
7577
7578
7579
7583
7589
7591
7596
7597
7599
7600
7603
7606
7607
7611
7620
7622
7623
7626
7627
7632
7637
7638
7640
7642
7645
7648
7657
7659
7661
7665
7668
7672
7676
7677
7678
7681
7686
7687
7690
7691
7693
7699
7705
7707
7716
7717
7719
7720
7722
7723
7724
7728
7729
7731
7735
7737
7740
7744
7749
7750
7753
7754
7756
7757
7759
7761
7762
7765
7767
7768
7769
7770
7775
7777
7778
7784
7785
7786
7787
7790
7792
7796
7797
7799
7803
7808
7809
7810
7815
7821
7832
7833
7835
7842
7843
7844
7846
7848
7849
7851
7853
7854
7856
7860
7863
7864
7865
7872
7873
7878
7879
7880
7881
7883
7884
7888
7889
7892
7900
7901
7902
7904
7907
7911
7913
7914
7917
7920
7925
7929
7930
7932
7935
7936
7947
7948
7950
7953
7957
7958
7960
7961
7969
7970
7971
7974
7976
7977
7979
7981
7986
7987
7989
7990
7993
7994
7998
8004
8006
8009
8010
8012
8013
8018
8019
8023
8034
8039
8040
8044
8045
8046
8050
8051
8061
8062
8063
8064
8065
8066
8067
8072
8076
8077
8081
8085
8086
8089
8092
8095
8097
8098
8101
8103
8105
8110
8111
8116
8118
8120
8121
8128
8129
8134
8141
8142
8146
8148
8150
8152
8153
8162
8163
8166
8168
8169
8170
8171
8174
8179
8185
8189
8190
8192
8199
8203
8204
8205
8206
8208
8215
8217
8220
8225
8228
8236
8237
8240
8245
8249
8250
8255
8261
8263
8265
8268
8270
8272
8274
8275
8278
8281
8296
8297
8300
8305
8306
8309
8315
8316
8324
8335
8336
8337
8339
8340
8343
8346
8347
8357
8363
8364
8368
8369
8371
8373
8375
8377
8380
8384
8387
8389
8390
8391
8397
8400
8401
8402
8408
8410
8418
8422
8424
8425
8427
8428
8429
8434
8435
8442
8443
8449
8452
8454
8457
8460
8465
8466
8470
8480
8486
8489
8494
8495
8497
8498
8501
8502
8503
8504
8505
8508
8514
8515
8518
8522
8527
8530
8531
8532
8537
8538
8539
8545
8549
8555
8559
8560
8562
8564
8570
8571
8572
8573
8574
8575
8576
8584
8586
8589
8590
8591
8594
8595
8596
8598
8604
8605
8606
8608
8611
8619
8622
8623
8624
8627
8631
8633
8634
8636
8637
8641
8643
8644
8646
8650
8653
8658
8662
8663
8665
8666
8670
8671
8674
8675
8682
8685
8686
8689
8690
8692
8696
8699
8700
8705
8706
8710
8714
8715
8717
8720
8722
8724
8727
8729
8730
8732
8736
8744
8746
8747
8750
8751
8752
8754
8755
8756
8760
8762
8763
8764
8765
8767
8768
8770
8771
8772
8773
8774
8779
8781
8783
8784
8786
8787
8793
8795
8799
8800
8803
8804
8807
8811
8812
8813
8821
8822
8824
8832
8833
8834
8835
8837
8839
8846
8849
8850
8852
8853
8855
8856
8858
8863
8864
8865
8868
8870
8873
8874
8877
8878
8880
8883
8889
8892
8893
8894
8897
8898
8904
8905
8908
8909
8910
8911
8919
8921
8922
8925
8926
8929
8933
8937
8950
8953
8954
8956
8961
8965
8966
8970
8971
8972
8975
8976
8984
8985
8986
8988
8995
8997
9001
9003
9006
9009
9010
9014
9016
9019
9020
9022
9035
9037
9038
9039
9041
9042
9044
9046
9048
9054
9055
9059
9060
9065
9066
9069
9071
9072
9073
9074
9077
9078
9079
9082
9085
9087
9093
9094
9098
9099
9101
9102
9103
9106
9109
9111
9113
9114
9115
9116
9120
9121
9124
9131
9132
9134
9135
9140
9142
9143
9144
9150
9153
9159
9160
9164
9165
9169
9179
9180
9183
9184
9189
9193
9195
9196
9199
9200
9202
9203
9204
9207
9209
9210
9215
9219
9225
9226
9227
9229
9231
9235
9242
9245
9246
9248
9253
9257
9259
9260
9262
9264
9266
9268
9273
9274
9275
9279
9280
9281
9284
9285
9286
9287
9288
9289
9290
9293
9294
9296
9299
9303
9306
9308
9309
9311
9312
9314
9315
9323
9325
9329
9331
9334
9335
9337
9341
9342
9344
9345
9346
9347
9350
9352
9359
9361
9362
9365
9366
9367
9370
9372
9374
9375
9382
9384
9394
9396
9398
9402
9408
9409
9410
9411
9418
9419
9421
9429
9430
9431
9433
9434
9439
9440
9441
9445
9447
9450
9451
9452
9456
9457
9459
9464
9465
9469
9472
9473
9476
9477
9480
9483
9484
9485
9489
9490
9491
9493
9495
9498
9501
9511
9517
9518
9521
9523
9527
9532
9535
9538
9546
9548
9556
9557
9559
9561
9563
9573
9574
9577
9582
9589
9590
9596
9599
9602
9603
9605
9610
9613
9615
9620
9622
9626
9633
9634
9636
9637
9638
9641
9642
9643
9644
9649
9650
9651
9658
9660
9661
9666
9668
9669
9670
9674
9678
9680
9682
9683
9687
9688
9689
9690
9692
9693
9694
9695
9697
9698
9699
9700
9702
9705
9706
9707
9708
9709
9710
9717
9720
9725
9729
9731
9732
9735
9736
9739
9741
9743
9744
9746
9748
9757
9765
9766
9767
9769
9771
9772
9773
9778
9779
9781
9784
9785
9787
9788
9791
9797
9798
9801
9802
9808
9810
9813
9814
9819
9821
9825
9826
9827
9831
9832
9834
9836
9844
9846
9847
9848
9852
9854
9855
9857
9859
9860
9862
9863
9865
9866
9867
9868
9871
9872
9874
9881
9882
9883
9889
9894
9895
9897
9900
9901
9902
9903
9906
9909
9913
9917
9921
9923
9925
9926
9928
9932
9934
9936
9940
9941
9942
9944
9947
9948
9953
9954
9955
9957
9963
9968
9971
9972
9975
9980
9981
9983
9989
9990
9993
9994
9996
9997
9998
10003
10005
10006
10007
10008
10010
10012
10013
10017
10018
10020
10023
10024
10026
10029
10030
10032
10037
10038
10042
10045
10046
10048
10049
10053
10059
10061
10068
10070
10074
10076
10078
10082
10083
10086
10089
10090
10093
10099
10102
10104
10105
10106
10107
10110
10111
10112
10113
10114
10123
10124
10127
10128
10130
10139
10142
10144
10145
10146
10147
10153
10156
10159
10161
10164
10166
10168
10169
10171
10173
10174
10176
10178
10180
10182
10184
10185
10187
10190
10191
10192
10197
10202
10203
10206
10207
10213
10214
10216
10218
10221
10222
10223
10224
10231
10238
10240
10241
10242
10243
10244
10245
10246
10247
10248
10250
10251
10254
10255
10257
10259
10260
10261
10269
10275
10277
10278
10281
10285
10287
10288
10290
10300
10302
10304
10305
10306
10310
10312
10313
10314
10316
10317
10320
10323
10326
10334
10338
10343
10346
10349
10350
10359
10361
10363
10366
10368
10369
10370
10374
10377
10379
10382
10384
10386
10389
10391
10394
10396
10397
10398
10402
10403
10404
10408
10412
10413
10416
10422
10423
10430
10431
10432
10433
10437
10440
10443
10445
10446
10447
10451
10453
10455
10457
10460
10464
10466
10467
10469
10470
10472
10473
10479
10480
10483
10484
10486
10492
10493
10497
10499
10500
10502
10504
10505
10508
10509
10510
10511
10512
10513
10514
10516
10524
10530
10533
10539
10540
10541
10548
10552
10555
10556
10558
10559
10560
10561
10566
10567
10569
10570
10574
10577
10580
10582
10584
10586
10589
10594
10595
10598
10599
10603
10604
10606
10607
10608
10610
10611
10612
10613
10617
10618
10620
10622
10624
10635
10638
10639
10640
10645
10646
10647
10650
10651
10652
10653
10655
10657
10658
10661
10663
10664
10665
10666
10667
10668
10669
10670
10673
10678
10686
10690
10691
10693
10697
10698
10699
10700
10702
10703
10705
10711
10712
10716
10718
10720
10721
10722
10723
10726
10727
10728
10729
10731
10732
10733
10737
10738
10739
10740
10741
10743
10745
10750
10752
10753
10754
10755
10756
10761
10762
10763
10764
10765
10767
10768
10769
10770
10771
10772
10773
10774
10775
10776
10777
10779
10786
10787
10788
10791
10792
10793
10803
10804
10806
10812
10814
10815
10820
10821
10823
10826
10827
10829
10830
10833
10834
10838
10839
10840
10841
10844
10847
10849
10851
10852
10853
10854
10858
10860
10862
10863
10864
10866
10867
10872
10873
10876
10877
10878
10879
10880
10882
10883
10888
10889
10893
10895
10898
10899
10900
10905
10908
10910
10911
10914
10915
10917
10918
10921
10923
10925
10930
10931
10933
10934
10935
10936
10937
10940
10941
10944
10946
10947
10952
10955
10956
10957
10961
10962
10963
10965
10967
10968
10969
10970
10976
10979
10981
10985
10986
10987
10989
10990
10991
10994
10998
11004
11006
11009
11011
11014
11015
11017
11018
11019
11026
11028
11029
11031
11033
11044
11045
11048
11054
11059
11069
11070
11074
11075
11078
11081
11083
11085
11089
11092
11093
11094
11096
11099
11105
11108
11109
11115
11116
11117
11119
11121
11123
11129
11134
11136
11138
11144
11145
11146
11147
11148
11150
11151
11152
11154
11155
11156
11160
11163
11167
11171
11174
11175
11176
11180
11184
11185
11187
11188
11189
11192
11196
11202
11205
11208
11209
11211
11213
11216
11218
11219
11221
11228
11230
11231
11232
11233
11234
11239
11241
11242
11243
11244
11246
11247
11250
11252
11254
11256
11257
11258
11261
11267
11270
11272
11274
11275
11276
11279
11282
11283
11284
11286
11287
11289
11291
11293
11294
11296
11299
11301
11302
11307
11308
11309
11312
11317
11319
11320
11321
11327
11330
11331
11333
11337
11340
11342
11344
11345
11347
11350
11354
11356
11357
11359
11360
11362
11371
11375
11379
11380
11383
11389
11390
11392
11393
11394
11395
11396
11397
11399
11405
11407
11411
11413
11415
11419
11429
11430
11432
11433
11436
11438
11441
11443
11446
11449
11453
11454
11456
11457
11460
11462
11463
11468
11470
11471
11473
11475
11476
11478
11487
11488
11489
11490
11492
11496
11497
11503
11504
11505
11507
11508
11509
11514
11515
11516
11520
11524
11527
11528
11529
11530
11532
11541
11543
11544
11546
11548
11554
11555
11556
11557
11558
11559
11564
11565
11566
11576
11577
11579
11580
11581
11587
11588
11590
11591
11592
11593
11595
11599
11605
11609
11610
11612
11613
11615
11617
11618
11619
11624
11626
11630
11633
11635
11637
11639
11640
11642
11647
11650
11651
11652
11653
11655
11656
11664
11666
11670
11671
11673
11679
11681
11685
11686
11687
11691
11692
11700
11701
11707
11708
11709
11713
11714
11718
11722
11726
11727
11731
11736
11737
11739
11742
11743
11744
11746
11747
11748
11750
11751
11754
11755
11759
11763
11767
11770
11773
11774
11777
11779
11781
11782
11784
11785
11789
11793
11797
11799
11800
11801
11803
11806
11807
11808
11810
11812
11813
11817
11820
11824
11827
11829
11831
11834
11835
11841
11844
11847
11849
11851
11854
11855
11858
11859
11860
11865
11869
11871
11874
11875
11878
11883
11884
11886
11887
11888
11889
11894
11895
11908
11914
11915
11919
11922
11923
11924
11927
11928
11929
11930
11931
11933
11936
11941
11942
11943
11944
11948
11957
11958
11961
11965
11966
11967
11971
11972
11973
11974
11977
11980
11981
11982
11984
11985
11990
11991
11993
11995
11998
11999
12004
12006
12008
12010
12011
12015
12016
12017
12018
12019
12020
12022
12023
12026
12030
12031
12033
12034
12036
12037
12040
12041
12046
12049
12050
12056
12057
12059
12060
12061
12063
12066
12069
12070
12071
12072
12073
12076
12081
12086
12087
12090
12092
12093
12096
12098
12101
12102
12103
12104
12107
12111
12112
12113
12115
12116
12117
12121
12123
12125
12126
12127
12130
12131
12132
12136
12140
12142
12143
12144
12145
12148
12149
12152
12153
12154
12160
12163
12164
12165
12167
12168
12170
12172
12175
12179
12180
12185
12197
12198
12206
12207
12208
12211
12214
12215
12217
12220
12222
12223
12227
12228
12239
12243
12244
12245
12246
12250
12253
12262
12265
12276
12280
12282
12290
12291
12295
12296
12297
12298
12302
12307
12310
12315
12317
12323
12325
12326
12327
12329
12331
12334
12335
12336
12337
12338
12340
12342
12343
12346
12351
12352
12354
12356
12357
12361
12364
12365
12366
12370
12372
12376
12377
12379
12380
12383
12386
12387
12389
12392
12395
12396
12397
12398
12400
12402
12406
12408
12409
12410
12413
12416
12419
12422
12426
12428
12429
12430
12433
12434
12437
12439
12441
12444
12445
12446
12447
12449
12450
12455
12457
12458
12460
12464
12470
12471
12479
12481
12483
12484
12485
12486
12487
12488
12491
12493
12495
12498
12505
12507
12509
12511
12516
12517
12520
12521
12524
12525
12527
12528
12529
12531
12533
12535
12536
12538
12539
12540
12541
12545
12548
12549
12552
12553
12554
12555
12557
12559
12560
12561
12566
12567
12568
12570
12572
12573
12574
12576
12580
12590
12591
12592
12593
12595
12599
12603
12606
12608
12613
12615
12618
12620
12621
12622
12623
12624
12626
12627
12628
12631
12632
12633
12634
12635
12638
12639
12642
12644
12646
12650
12651
12655
12656
12657
12661
12662
12663
12666
12668
12671
12672
12675
12681
12684
12686
12687
12688
12691
12693
12695
12701
12703
12706
12709
12710
12718
12722
12723
12725
12726
12729
12732
12734
12737
12743
12745
12747
12748
12749
12750
12754
12756
12759
12760
12762
12764
12766
12767
12769
12775
12778
12780
12781
12782
12786
12788
12789
12792
12795
12798
12799
12806
12807
12810
12812
12814
12819
12823
12827
12828
12829
12830
12835
12838
12840
12846
12851
12852
12854
12857
12859
12861
12863
12864
12868
12869
12871
12874
12877
12880
12881
12887
12890
12892
12900
12903
12904
12908
12909
12912
12915
12917
12918
12920
12922
12928
12929
12930
12931
12932
12933
12937
12938
12939
12943
12944
12947
12948
12950
12957
12959
12960
12965
12967
12970
12976
12978
12980
12981
12982
12983
12986
12987
12989
12991
12993
12995
12996
12997
12998
12999
13000
13009
13012
13015
13016
13017
13019
13021
13022
13023
13026
13027
13035
13036
13038
13040
13046
13048
13052
13053
13059
13062
13063
13065
13066
13070
13074
13075
13076
13082
13084
13086
13087
13088
13089
13090
13092
13094
13095
13100
13103
13104
13106
13107
13108
13109
13110
13113
13115
13118
13120
13121
13125
13127
13131
13134
13136
13139
13141
13142
13143
13151
13153
13158
13160
13162
13166
13167
13170
13171
13175
13177
13178
13179
13182
13189
13190
13192
13197
13201
13202
13203
13204
13206
13209
13212
13214
13215
13219
13224
13226
13227
13228
13229
13230
13232
13235
13237
13239
13242
13245
13246
13247
13251
13257
13258
13263
13264
13265
13266
13267
13271
13274
13275
13276
13277
13281
13283
13284
13285
13286
13289
13291
13292
13293
13295
13297
13303
13305
13308
13309
13310
13312
13313
13318
13327
13328
13332
13334
13336
13337
13339
13341
13343
13345
13347
13348
13350
13353
13358
13359
13362
13367
13370
13376
13379
13381
13382
13384
13386
13389
13393
13394
13397
13399
13400
13401
13405
13406
13407
13411
13413
13415
13420
13421
13425
13427
13428
13429
13430
13431
13432
13433
13437
13443
13445
13451
13452
13458
13459
13460
13466
13469
13473
13474
13475
13476
13477
13479
13483
13486
13487
13496
13498
13500
13502
13503
13504
13505
13507
13508
13509
13510
13513
13517
13519
13520
13521
13523
13524
13525
13527
13528
13529
13531
13532
13534
13535
13538
13540
13541
13542
13544
13545
13546
13547
13549
13551
13552
13556
13557
13574
13575
13576
13578
13579
13580
13582
13584
13590
13592
13596
13597
13601
13602
13604
13605
13611
13612
13613
13614
13615
13616
13622
13624
13625
13627
13628
13631
13632
13636
13637
13639
13641
13642
13643
13644
13647
13649
13650
13651
13659
13668
13669
13672
13673
13675
13679
13682
13686
13688
13690
13692
13694
13698
13699
13700
13702
13703
13704
13712
13714
13727
13736
13737
13740
13742
13745
13746
13749
13752
13753
13754
13755
13756
13759
13761
13765
13766
13767
13769
13770
13771
13774
13775
13777
13783
13784
13787
13791
13793
13797
13800
13808
13812
13813
13816
13817
13822
13825
13827
13831
13832
13834
13836
13837
13838
13839
13840
13842
13845
13846
13852
13854
13857
13859
13861
13862
13863
13867
13870
13871
13873
13878
13887
13889
13894
13895
13897
13898
13900
13901
13904
13906
13907
13908
13909
13910
13911
13913
13914
13921
13923
13925
13927
13930
13944
13945
13946
13947
13953
13954
13956
13959
13960
13961
13963
13964
13965
13966
13973
13974
13975
13977
13978
13979
13980
13981
13982
13987
13988
13989
13993
14000
14001
14003
14011
14014
14015
14020
14023
14026
14028
14033
14034
14036
14039
14040
14042
14049
14051
14055
14056
14059
14063
14067
14070
14072
14073
14076
14080
14083
14084
14085
14086
14087
14089
14095
14096
14101
14102
14105
14110
14111
14115
14116
14117
14118
14120
14121
14126
14127
14128
14132
14133
14136
14137
14138
14141
14142
14145
14146
14148
14149
14150
14152
14159
14160
14163
14164
14165
14167
14168
14173
14174
14176
14180
14182
14183
14184
14188
14190
14192
14194
14197
14199
14202
14206
14210
14212
14213
14215
14217
14219
14222
14224
14225
14228
14229
14232
14235
14238
14239
14244
14245
14249
14250
14252
14254
14257
14259
14263
14265
14266
14267
14273
14276
14278
14281
14282
14283
14284
14285
14287
14288
14289
14291
14293
14295
14296
14298
14301
14309
14310
14311
14312
14314
14317
14319
14321
14324
14325
14327
14328
14329
14332
14334
14341
14345
14346
14352
14354
14355
14356
14358
14359
14361
14362
14364
14365
14367
14368
14370
14371
14372
14375
14379
14383
14393
14394
14395
14396
14398
14399
14400
14404
14405
14406
14414
14415
14418
14425
14426
14428
14429
14432
14434
14436
14437
14438
14440
14442
14443
14444
14445
14447
14449
14460
14461
14463
14466
14468
14469
14470
14473
14476
14477
14478
14480
14481
14482
14483
14484
14488
14490
14492
14493
14494
14496
14498
14504
14505
14509
14511
14513
14514
14517
14519
14520
14521
14522
14523
14524
14526
14528
14530
14531
14532
14533
14534
14535
14539
14540
14542
14546
14548
14555
14559
14562
14570
14571
14573
14574
14575
14580
14582
14583
14585
14586
14588
14592
14597
14601
14602
14603
14607
14609
14610
14611
14612
14617
14618
14622
14623
14624
14630
14633
14638
14639
14640
14648
14650
14652
14656
14659
14668
14670
14671
14673
14674
14677
14678
14679
14680
14683
14684
14685
14688
14690
14692
14693
14695
14696
14697
14701
14702
14706
14708
14710
14714
14716
14719
14720
14724
14727
14728
14729
14731
14735
14737
14738
14739
14740
14741
14744
14750
14751
14752
14753
14755
14756
14759
14761
14762
14765
14767
14768
14769
14770
14772
14774
14775
14777
14780
14781
14784
14791
14793
14794
14795
14797
14799
14802
14803
14805
14807
14809
14812
14814
14818
14820
14821
14824
14827
14828
14830
14834
14840
14841
14843
14849
14850
14851
14852
14857
14859
14863
14867
14879
14881
14887
14889
14891
14893
14900
14902
14903
14904
14912
14914
14915
14917
14918
14920
14927
14929
14931
14936
14939
14940
14941
14944
14945
14946
14950
14951
14952
14954
14956
14957
14958
14961
14962
14963
14966
14968
14970
14972
14975
14977
14980
14981
14982
14984
14985
14987
14988
14992
14995
14999
15001
15002
15003
15005
15009
15012
15014
15015
15020
15021
15022
15024
15026
15029
15036
15037
15038
15040
15043
15046
15047
15048
15054
15061
15064
15066
15068
15069
15072
15073
15075
15080
15081
15085
15087
15089
15095
15097
15100
15103
15104
15107
15108
15110
15111
15113
15116
15118
15119
15122
15124
15126
15127
15129
15131
15132
15133
15135
15136
15139
15140
15141
15143
15144
15145
15147
15148
15150
15151
15152
15153
15154
15155
15156
15159
15160
15163
15164
15167
15168
15169
15170
15172
15174
15177
15180
15181
15184
15186
15187
15189
15190
15192
15194
15199
15200
15205
15206
15207
15210
15213
15217
15222
15223
15224
15225
15226
15227
15229
15231
15232
15234
15238
15239
15241
15245
15246
15247
15249
15250
15252
15256
15258
15263
15264
15266
15270
15274
15279
15284
15289
15292
15295
15296
15301
15305
15307
15311
15314
15316
15322
15324
15326
15332
15334
15335
15336
15337
15338
15341
15343
15345
15346
15349
15355
15356
15363
15364
15369
15371
15372
15377
15378
15385
15387
15393
15396
15405
15407
15408
15409
15410
15411
15413
15414
15415
15417
15419
15420
15421
15423
15427
15428
15429
15437
15438
15440
15445
15450
15453
15454
15456
15459
15461
15464
15465
15467
15469
15475
15477
15481
15483
15485
15488
15491
15492
15493
15494
15497
15498
15499
15501
15503
15506
15507
15511
15515
15516
15521
15526
15529
15530
15534
15539
15541
15545
15548
15562
15563
15564
15567
15573
15576
15581
15582
15583
15587
15588
15589
15591
15592
15595
15599
15602
15605
15607
15608
15610
15612
15613
15615
15616
15618
15619
15621
15624
15625
15627
15629
15630
15631
15632
15633
15634
15637
15639
15641
15642
15643
15646
15647
15648
15655
15656
15659
15663
15664
15669
15673
15676
15679
15682
15686
15689
15692
15695
15696
15697
15699
15703
15705
15708
15709
15710
15713
15714
15715
15717
15718
15722
15726
15729
15730
15731
15733
15734
15736
15737
15739
15742
15744
15746
15753
15758
15760
15764
15766
15767
15768
15769
15771
15772
15773
15774
15776
15778
15781
15785
15788
15790
15795
15798
15799
15800
15804
15805
15806
15808
15809
15811
15812
15816
15818
15823
15825
15828
15829
15830
15831
15833
15834
15835
15837
15839
15840
15841
15844
15845
15846
15849
15851
15852
15858
15862
15865
15866
15867
15868
15872
15873
15874
15877
15878
15884
15891
15892
15893
15895
15896
15897
15898
15899
15900
15901
15902
15903
15904
15905
15907
15911
15913
15917
15918
15919
15921
15922
15924
15927
15929
15932
15933
15934
15937
15939
15940
15943
15947
15951
15954
15955
15957
15963
15965
15968
15970
15972
15974
15975
15978
15979
15982
15986
15987
15989
15990
15994
15995
15998
16004
16007
16010
16014
16015
16017
16019
16020
16021
16022
16024
16025
16029
16034
16035
16038
16039
16040
16041
16042
16044
16047
16050
16053
16055
16056
16060
16061
16063
16064
16065
16067
16068
16071
16075
16077
16079
16081
16084
16088
16092
16093
16095
16096
16097
16099
16101
16103
16105
16106
16108
16109
16114
16120
16121
16122
16127
16128
16129
16133
16134
16139
16141
16143
16144
16145
16146
16147
16149
16150
16152
16156
16158
16160
16161
16164
16166
16167
16169
16170
16171
16172
16173
16176
16190
16192
16196
16199
16201
16205
16206
16207
16209
16210
16211
16212
16215
16217
16218
16221
16225
16235
16236
16237
16239
16240
16246
16253
16255
16257
16260
16262
16267
16268
16269
16271
16272
16278
16280
16281
16282
16291
16296
16298
16302
16303
16304
16305
16311
16315
16316
16318
16329
16336
16342
16344
16345
16346
16348
16353
16354
16360
16365
16370
16371
16372
16373
16374
16377
16378
16381
16384
16385
16386
16389
16395
16398
16399
16401
16403
16405
16406
16407
16409
16414
16415
16416
16417
16418
16420
16422
16423
16425
16428
16429
16432
16434
16435
16436
16438
16441
16445
16446
16451
16452
16455
16456
16459
16460
16461
16464
16471
16472
16476
16477
16479
16484
16493
16496
16497
16498
16502
16504
16507
16509
16510
16511
16512
16515
16518
16519
16525
16527
16528
16529
16530
16532
16533
16535
16536
16537
16540
16541
16542
16543
16545
16547
16548
16549
16550
16552
16557
16563
16570
16573
16575
16578
16582
16583
16584
16586
16587
16589
16590
16598
16600
16603
16605
16606
16608
16611
16618
16619
16621
16622
16624
16627
16632
16637
16640
16641
16644
16645
16647
16650
16653
16655
16660
16662
16664
16669
16671
16672
16674
16676
16682
16684
16685
16687
16694
16697
16699
16703
16704
16707
16721
16722
16723
16727
16729
16730
16737
16738
16739
16740
16741
16742
16745
16746
16747
16748
16749
16756
16757
16759
16760
16761
16762
16764
16765
16770
16772
16774
16781
16782
16787
16790
16794
16795
16797
16800
16803
16809
16811
16812
16813
16814
16818
16821
16826
16827
16828
16829
16839
16840
16841
16843
16850
16852
16857
16859
16861
16863
16865
16868
16871
16872
16874
16876
16877
16878
16880
16890
16891
16897
16898
16901
16904
16905
16907
16910
16911
16917
16927
16929
16930
16931
16933
16936
16940
16941
16944
16945
16949
16950
16952
16953
16956
16958
16959
16960
16961
16962
16966
16967
16970
16972
16974
16975
16979
16981
16985
16987
16988
16993
17001
17002
17003
17004
17009
17010
17011
17012
17013
17016
17017
17018
17020
17022
17025
17026
17030
17033
17034
17038
17041
17044
17045
17047
17050
17051
17052
17054
17058
17059
17060
17062
17063
17064
17066
17069
17076
17077
17078
17079
17080
17081
17084
17085
17086
17089
17093
17095
17098
17101
17102
17103
17106
17107
17109
17111
17115
17116
17119
17120
17122
17126
17128
17132
17135
17136
17137
17138
17141
17142
17146
17147
17153
17154
17155
17157
17158
17159
17160
17161
17164
17166
17167
17177
17180
17181
17184
17186
17189
17190
17195
17201
17202
17203
17205
17208
17210
17221
17223
17225
17229
17234
17236
17237
17239
17240
17241
17243
17244
17246
17247
17251
17255
17259
17260
17265
17266
17267
17273
17277
17278
17280
17281
17282
17283
17286
17289
17290
17293
17296
17300
17304
17308
17309
17312
17313
17315
17316
17319
17320
17321
17322
17325
17329
17330
17331
17332
17333
17334
17335
17338
17340
17343
17348
17354
17355
17360
17362
17363
17367
17369
17372
17375
17378
17386
17389
17390
17391
17392
17393
17397
17398
17403
17404
17405
17406
17408
17409
17411
17415
17420
17422
17423
17425
17426
17428
17429
17433
17434
17436
17440
17442
17443
17446
17447
17448
17455
17457
17458
17459
17462
17465
17479
17482
17484
17489
17490
17499
17501
17502
17504
17505
17511
17513
17514
17516
17517
17520
17529
17533
17539
17540
17541
17542
17543
17553
17556
17559
17567
17568
17569
17571
17572
17573
17574
17579
17581
17582
17585
17586
17588
17596
17597
17598
17599
17601
17602
17605
17606
17607
17609
17611
17612
17615
17616
17618
17619
17622
17627
17630
17633
17638
17639
17644
17645
17652
17657
17659
17663
17665
17666
17668
17669
17670
17671
17673
17682
17683
17684
17685
17687
17691
17692
17694
17696
17697
17699
17703
17704
17706
17710
17712
17713
17717
17718
17720
17722
17724
17725
17726
17728
17729
17731
17738
17739
17741
17742
17743
17744
17745
17749
17750
17753
17754
17755
17756
17758
17759
17761
17762
17767
17773
17775
17777
17780
17783
17784
17788
17790
17791
17792
17796
17797
17808
17810
17812
17813
17829
17835
17836
17839
17844
17848
17853
17856
17859
17861
17864
17867
17868
17869
17870
17871
17872
17874
17880
17881
17882
17884
17885
17888
17890
17891
17892
17893
17895
17899
17904
17912
17914
17927
17928
17930
17941
17942
17943
17945
17946
17949
17950
17954
17955
17957
17958
17960
17963
17964
17965
17967
17968
17971
17974
17977
17979
17983
17984
17989
17990
17995
17998
17999
18001
18002
18004
18005
18006
18007
18010
18012
18016
18018
18021
18024
18026
18027
18029
18030
18031
18037
18039
18043
18045
18047
18051
18056
18057
18058
18059
18060
18061
18067
18069
18070
18072
18073
18074
18077
18078
18079
18086
18087
18090
18091
18092
18094
18095
18101
18102
18106
18108
18109
18110
18111
18113
18115
18120
18121
18124
18127
18128
18131
18135
18138
18143
18144
18145
18146
18149
18151
18152
18154
18158
18159
18161
18162
18163
18166
18167
18173
18175
18176
18178
18179
18182
18183
18184
18186
18187
18188
18191
18194
18195
18197
18203
18204
18205
18208
18210
18212
18216
18219
18222
18223
18224
18228
18229
18233
18235
18237
18239
18241
18243
18245
18247
18248
18249
18251
18252
18256
18257
18258
18261
18264
18266
18267
18269
18275
18276
18277
18278
18279
18281
18283
18285
18288
18289
18296
18302
18305
18308
18313
18314
18316
18318
18320
18321
18328
18331
18336
18338
18343
18344
18347
18348
18355
18362
18363
18364
18367
18371
18373
18375
18377
18379
18380
18381
18384
18385
18386
18391
18392
18393
18401
18402
18403
18404
18408
18409
18410
18411
18412
18415
18417
18419
18422
18423
18424
18426
18431
18433
18434
18435
18436
18442
18443
18445
18446
18451
18453
18454
18458
18460
18461
18471
18475
18476
18479
18481
18482
18489
18490
18491
18492
18493
18494
18495
18497
18498
18499
18502
18504
18506
18508
18510
18511
18512
18515
18516
18517
18518
18519
18521
18522
18523
18524
18525
18528
18529
18532
18533
18539
18540
18541
18546
18547
18549
18550
18551
18553
18560
18568
18571
18573
18576
18578
18579
18583
18587
18590
18592
18596
18599
18600
18602
18603
18604
18608
18609
18612
18617
18620
18624
18626
18627
18631
18632
18633
18636
18649
18650
18652
18656
18659
18661
18662
18665
18667
18668
18670
18672
18673
18676
18680
18681
18685
18688
18689
18690
18691
18695
18696
18698
18703
18709
18710
18711
18712
18714
18717
18722
18726
18727
18731
18733
18736
18738
18739
18741
18743
18746
18747
18748
18756
18761
18762
18763
18764
18768
18769
18770
18773
18775
18777
18779
18780
18784
18787
18788
18790
18791
18793
18795
18796
18801
18802
18805
18807
18808
18809
18812
18813
18817
18819
18820
18821
18822
18826
18828
18831
18832
18833
18834
18835
18836
18837
18840
18842
18843
18849
18850
18852
18857
18863
18866
18867
18868
18872
18874
18875
18877
18878
18879
18882
18883
18887
18889
18890
18896
18899
18900
18905
18906
18908
18915
18917
18924
18928
18937
18939
18943
18945
18947
18951
18952
18956
18957
18962
18966
18967
18972
18973
18975
18978
18980
18981
18984
18986
18993
18995
18999
19002
19003
19010
19023
19024
19026
19028
19033
19039
19042
19044
19047
19051
19052
19053
19055
19062
19064
19067
19068
19069
19070
19071
19074
19076
19079
19080
19085
19089
19095
19096
19102
19105
19106
19107
19108
19114
19117
19120
19122
19123
19128
19129
19131
19133
19134
19143
19144
19145
19148
19150
19151
19152
19154
19155
19156
19158
19159
19160
19164
19168
19170
19171
19172
19175
19179
19180
19182
19190
19195
19200
19201
19202
19203
19205
19207
19208
19209
19212
19216
19217
19218
19220
19221
19224
19226
19227
19228
19229
19230
19231
19234
19237
19238
19241
19244
19249
19250
19252
19255
19256
19259
19264
19266
19267
19271
19272
19275
19277
19287
19289
19290
19291
19292
19294
19298
19300
19307
19309
19312
19313
19314
19316
19318
19320
19322
19329
19336
19340
19342
19352
19353
19355
19356
19357
19358
19359
19363
19365
19368
19371
19373
19374
19375
19376
19378
19381
19386
19388
19389
19393
19396
19405
19408
19411
19412
19413
19414
19418
19420
19421
19422
19424
19425
19429
19430
19431
19433
19435
19436
19437
19439
19442
19443
19444
19446
19450
19452
19454
19460
19462
19464
19466
19468
19469
19470
19471
19475
19476
19477
19482
19483
19485
19489
19496
19497
19498
19501
19502
19504
19513
19514
19518
19521
19522
19527
19529
19533
19534
19535
19536
19538
19544
19547
19548
19551
19552
19553
19554
19555
19558
19562
19563
19564
19565
19566
19567
19568
19570
19574
19575
19577
19578
19580
19582
19585
19586
19587
19589
19590
19591
19596
19598
19599
19605
19607
19608
19613
19617
19618
19620
19622
19624
19626
19628
19630
19633
19636
19637
19641
19645
19649
19652
19654
19659
19663
19664
19666
19668
19669
19670
19672
19673
19675
19676
19679
19681
19683
19688
19689
19690
19691
19696
19697
19698
19699
19701
19705
19706
19707
19714
19716
19719
19721
19722
19728
19729
19731
19732
19734
19736
19738
19739
19740
19752
19755
19756
19757
19762
19770
19771
19772
19773
19776
19777
19778
19781
19786
19789
19793
19794
19795
19796
19797
19799
19801
19804
19808
19809
19812
19814
19815
19817
19821
19827
19829
19832
19835
19838
19839
19843
19846
19850
19851
19852
19854
19858
19859
19863
19865
19866
19868
19870
19871
19872
19874
19876
19877
19879
19886
19887
19890
19893
19894
19896
19897
19900
19901
19902
19904
19906
19909
19917
19918
19919
19924
19925
19928
19929
19932
19938
19940
19941
19944
19945
19946
19947
19951
19952
19954
19964
19965
19967
19971
19972
19974
19976
19980
19981
19982
19987
19991
19992
19995
19999
20003
20006
20010
20011
20015
20016
20022
20024
20026
20035
20040
20042
20054
20056
20057
20064
20067
20069
20070
20072
20075
20076
20077
20079
20080
20081
20083
20086
20091
20094
20096
20100
20104
20111
20112
20113
20114
20115
20118
20122
20123
20124
20125
20128
20129
20130
20135
20137
20138
20143
20144
20147
20151
20152
20153
20154
20156
20161
20162
20163
20170
20171
20174
20177
20178
20179
20180
20182
20184
20188
20192
20193
20194
20196
20199
20202
20205
20207
20208
20209
20212
20213
20216
20217
20219
20223
20225
20228
20230
20231
20232
20234
20236
20237
20242
20251
20254
20258
20259
20261
20262
20263
20267
20268
20270
20278
20279
20281
20286
20288
20289
20292
20298
20300
20301
20303
20310
20312
20314
20318
20319
20320
20326
20327
20329
20334
20337
20339
20342
20352
20353
20354
20356
20360
20362
20363
20366
20367
20375
20378
20379
20384
20385
20388
20391
20393
20394
20398
20399
20401
20405
20406
20407
20408
20410
20412
20414
20418
20419
20420
20423
20428
20431
20434
20435
20437
20438
20439
20440
20441
20442
20444
20445
20446
20448
20455
20458
20459
20460
20461
20463
20464
20465
20469
20471
20476
20477
20479
20484
20487
20489
20494
20495
20498
20502
20506
20509
20515
20516
20519
20520
20523
20526
20527
20530
20531
20532
20537
20538
20542
20544
20546
20548
20549
20550
20551
20554
20557
20560
20563
20565
20566
20569
20572
20576
20577
20580
20583
20584
20587
20589
20593
20596
20598
20601
20602
20603
20605
20606
20613
20614
20617
20624
20627
20629
20632
20639
20640
20641
20642
20644
20646
20647
20651
20652
20654
20655
20657
20658
20662
20663
20666
20670
20671
20673
20675
20678
20681
20685
20692
20693
20694
20695
20696
20698
20701
20703
20705
20707
20711
20712
20714
20717
20720
20721
20722
20723
20724
20729
20730
20732
20734
20735
20736
20740
20742
20743
20747
20748
20756
20757
20764
20765
20766
20769
20773
20774
20775
20776
20780
20782
20785
20787
20789
20791
20792
20793
20795
20797
20800
20802
20803
20809
20810
20811
20812
20814
20817
20820
20821
20824
20829
20830
20831
20835
20838
20839
20840
20841
20842
20843
20845
20846
20848
20850
20851
20854
20855
20857
20859
20860
20862
20864
20866
20867
20868
20869
20871
20872
20874
20877
20880
20881
20882
20892
20895
20902
20904
20905
20906
20907
20910
20912
20918
20922
20927
20928
20930
20931
20932
20934
20941
20942
20944
20945
20946
20947
20948
20951
20952
20954
20955
20957
20958
20959
20962
20964
20965
20966
20968
20971
20972
20975
20976
20977
20979
20980
20982
20984
20986
20987
20992
20993
20995
20997
20998
20999
21000
21001
21002
21007
21008
21009
21015
21017
21018
21021
21028
21033
21036
21038
21040
21043
21044
21046
21047
21048
21049
21050
21056
21057
21058
21061
21062
21064
21065
21071
21073
21074
21077
21083
21084
21087
21089
21091
21101
21102
21103
21105
21106
21109
21110
21111
21112
21115
21116
21117
21118
21120
21123
21126
21131
21141
21142
21143
21148
21158
21159
21160
21162
21164
21169
21170
21172
21175
21177
21178
21179
21184
21185
21186
21189
21194
21197
21201
21203
21204
21205
21208
21211
21212
21215
21219
21223
21232
21236
21239
21242
21243
21244
21248
21249
21252
21255
21257
21261
21265
21279
21281
21282
21284
21286
21288
21290
21291
21298
21301
21303
21307
21308
21310
21313
21314
21316
21319
21321
21322
21325
21326
21327
21329
21330
21332
21333
21336
21344
21345
21348
21352
21354
21355
21356
21357
21359
21361
21362
21364
21365
21367
21370
21374
21375
21377
21378
21379
21380
21393
21398
21399
21400
21401
21404
21405
21407
21410
21412
21413
21415
21418
21419
21421
21422
21425
21426
21427
21428
21429
21430
21431
21432
21435
21439
21440
21441
21442
21447
21448
21449
21451
21454
21456
21457
21464
21465
21469
21470
21471
21477
21480
21482
21483
21489
21491
21500
21502
21505
21506
21513
21514
21516
21517
21518
21519
21521
21522
21525
21526
21529
21530
21532
21535
21536
21539
21545
21547
21551
21555
21556
21558
21559
21567
21568
21569
21573
21576
21578
21580
21583
21588
21590
21592
21595
21597
21598
21604
21605
21606
21608
21610
21613
21614
21620
21625
21626
21628
21631
21635
21639
21641
21644
21647
21649
21651
21653
21658
21659
21661
21665
21667
21674
21681
21682
21683
21686
21688
21691
21698
21705
21706
21707
21712
21714
21715
21723
21724
21725
21727
21729
21733
21739
21740
21751
21752
21754
21755
21756
21757
21762
21763
21766
21769
21771
21774
21776
21781
21783
21789
21791
21793
21796
21798
21799
21804
21807
21812
21814
21815
21816
21823
21825
21826
21827
21828
21837
21838
21839
21841
21852
21853
21860
21863
21864
21866
21870
21873
21875
21876
21878
21884
21885
21886
21887
21890
21891
21892
21895
21897
21898
21901
21902
21906
21908
21910
21911
21913
21914
21917
21920
21928
21929
21931
21940
21943
21945
21946
21954
21956
21961
21966
21967
21968
21969
21973
21975
21976
21978
21983
21985
21989
21990
21991
21992
21997
22005
22006
22008
22011
22012
22013
22015
22016
22017
22019
22024
22027
22031
22034
22036
22039
22041
22048
22052
22053
22054
22055
22059
22060
22062
22063
22064
22066
22067
22070
22073
22074
22076
22077
22078
22079
22081
22083
22086
22088
22089
22090
22094
22097
22098
22099
22100
22101
22104
22106
22107
22109
22110
22111
22114
22115
22120
22122
22125
22127
22128
22129
22133
22134
22136
22138
22139
22141
22143
22148
22156
22158
22159
22160
22161
22162
22166
22169
22173
22175
22176
22177
22180
22183
22188
22189
22193
22195
22197
22199
22200
22201
22203
22204
22206
22207
22209
22211
22214
22216
22218
22221
22224
22227
22230
22231
22237
22241
22242
22258
22260
22264
22265
22266
22268
22269
22270
22272
22273
22274
22276
22279
22281
22283
22288
22291
22292
22293
22294
22295
22298
22301
22305
22309
22310
22311
22312
22313
22314
22315
22319
22320
22321
22323
22327
22331
22332
22334
22335
22336
22337
22340
22341
22342
22345
22346
22351
22353
22355
22356
22357
22358
22359
22360
22361
22363
22364
22368
22369
22371
22374
22375
22376
22379
22382
22384
22389
22395
22399
22400
22402
22405
22411
22416
22418
22424
22425
22427
22430
22431
22432
22434
22437
22442
22443
22444
22446
22450
22452
22455
22458
22461
22463
22465
22468
22470
22476
22477
22478
22483
22487
22489
22490
22493
22495
22501
22503
22505
22508
22509
22513
22514
22519
22522
22523
22525
22527
22531
22532
22536
22538
22539
22540
22544
22546
22547
22548
22550
22556
22557
22560
22563
22564
22565
22566
22567
22569
22570
22572
22579
22580
22581
22582
22584
22585
22588
22590
22591
22595
22596
22598
22600
22601
22602
22603
22604
22607
22611
22613
22617
22622
22623
22625
22626
22627
22628
22630
22631
22633
22634
22635
22638
22641
22647
22648
22650
22652
22655
22661
22662
22665
22672
22673
22675
22678
22684
22685
22692
22694
22697
22699
22700
22702
22705
22706
22709
22711
22714
22715
22717
22719
22724
22728
22730
22732
22733
22735
22738
22741
22742
22748
22749
22750
22751
22753
22761
22762
22765
22766
22767
22769
22772
22773
22775
22776
22779
22780
22786
22787
22791
22794
22795
22797
22800
22806
22807
22810
22811
22814
22816
22822
22824
22826
22827
22828
22832
22835
22837
22839
22840
22844
22845
22846
22848
22849
22853
22856
22859
22860
22866
22868
22870
22876
22877
22879
22880
22886
22887
22890
22891
